CYP2C19_allele	African_American_Afro_Caribbean	American	Central_South_Asian	East_Asian	European	Latino	Near_Eastern	Oceanian	Sub_Saharan_African
*1/*1	1e-12	1e-12	1e-12	1e-12	1e-12	1e-12	1e-12	1e-12	1e-12
*1/*10	6.5999999999999995e-09	2e-12	2e-12	2e-10	2e-12	2.3999999999999996e-09	2e-12	2e-12	2e-12
*1/*11	2e-12	2e-12	2e-12	2e-12	2e-12	2e-12	2e-12	2e-12	2e-12
*1/*12	2.2e-09	2e-12	2e-12	2e-10	2e-12	2e-12	2e-12	2e-12	2e-12
*1/*13	2.4e-08	2e-12	2e-12	2e-10	4.4e-09	8e-09	2e-12	2e-12	2e-12
*1/*14	2e-12	2e-12	2e-12	2e-10	2e-12	2e-12	2e-12	2e-12	2e-12
*1/*15	2.8e-08	2e-12	2e-12	2.8e-09	4e-09	8e-09	2e-12	2e-12	1.058e-07
*1/*16	2e-12	2e-12	2e-12	2e-12	2e-12	2e-12	2e-12	2e-12	2e-12
*1/*17	4.1439999999999995e-07	1.722e-07	3.416e-07	4.1e-08	4.308e-07	3.332e-07	3.8279999999999996e-07	1.14e-07	3.466e-07
*1/*18	2e-12	2e-12	2e-12	3.98e-08	2e-12	2e-12	2e-12	2e-12	2e-12
*1/*19	2e-12	2e-12	2e-12	4e-10	2e-12	2e-12	2e-12	2e-12	2e-12
*1/*2	3.6299999999999995e-07	2.428e-07	5.397999999999999e-07	5.669999999999999e-07	2.938e-07	2.0839999999999999e-07	2.396e-07	1.219e-06	3.1359999999999995e-07
*1/*22	2e-12	2e-12	2e-12	2e-12	2e-12	2e-12	2e-12	2e-12	2e-12
*1/*23	2e-12	2e-12	2e-12	1.1999999999999998e-09	2e-12	2e-12	2e-12	2e-12	2e-12
*1/*24	2e-12	2e-12	2e-12	4e-10	2e-12	2e-12	2e-12	2e-12	2e-12
*1/*25	2e-12	2e-12	2e-12	4e-10	2e-12	2e-12	2e-12	2e-12	2e-12
*1/*26	2e-12	2e-12	2e-12	2e-12	2e-12	2e-12	2e-12	2e-12	2e-12
*1/*28	2e-12	2e-12	2e-12	2e-12	2e-12	2e-12	2e-12	2e-12	7.4e-09
*1/*29	2e-12	2e-12	2e-12	4e-10	2e-12	2e-12	2e-12	2e-12	2e-12
*1/*3	5.6e-09	8e-10	3.1399999999999997e-08	1.45e-07	3.2e-09	1.6e-09	3.3e-08	2.928e-07	5.4e-09
*1/*30	2e-12	2e-12	2e-12	4e-10	2e-12	2e-12	2e-12	2e-12	2e-12
*1/*31	2e-12	2e-12	2e-12	4e-10	2e-12	2e-12	2e-12	2e-12	2e-12
*1/*32	2e-12	2e-12	2e-12	4e-10	2e-12	2e-12	2e-12	2e-12	2e-12
*1/*33	2e-12	2e-12	2e-12	4e-10	2e-12	2e-12	2e-12	2e-12	2e-12
*1/*34	2e-12	2e-12	2e-12	2e-12	2e-12	2e-12	2e-12	2e-12	2e-12
*1/*35	3.18e-08	2e-12	2e-12	2e-12	2e-12	2e-12	2e-12	2e-12	6.419999999999999e-08
*1/*36	2e-12	2e-12	2e-12	2e-12	2e-12	2e-12	2e-12	2e-12	2e-12
*1/*37	2e-12	2e-12	2e-12	2e-12	2e-12	2e-12	2e-12	2e-12	2e-12
*1/*38	1.4832e-06	1.6604e-06	1.308e-06	1.3025999999999998e-06	1.5134e-06	1.6056e-06	1.6748e-06	4.9e-07	1.6581999999999999e-06
*1/*39	2e-12	2e-12	2e-12	2e-12	2e-12	2e-12	2e-12	2e-12	2e-12
*1/*4	2e-12	2e-12	2e-12	4e-10	4.6e-09	1e-09	2e-12	2e-12	2e-12
*1/*5	2e-12	2e-12	2e-12	6.4e-09	2e-10	2e-12	2e-12	2e-12	2e-12
*1/*6	2e-12	2e-12	2e-12	1.1999999999999998e-09	5.999999999999999e-10	2e-12	2e-12	2e-12	2e-12
*1/*7	2e-12	2e-12	2e-12	2e-10	2e-12	2e-12	2e-12	2e-12	2e-12
*1/*8	2.2e-09	2e-12	2e-12	2e-12	6.8e-09	2.5999999999999997e-09	2e-12	2e-12	2e-12
*1/*9	2.8599999999999998e-08	2e-12	2e-12	2e-10	1.4e-09	1.6e-09	2e-12	2e-12	5.3999999999999994e-08
*10/*10	1.0889999999999999e-05	1e-12	1e-12	1e-08	1e-12	1.4399999999999998e-06	1e-12	1e-12	1e-12
*10/*11	6.5999999999999995e-09	2e-12	2e-12	2e-10	2e-12	2.3999999999999996e-09	2e-12	2e-12	2e-12
*10/*12	7.260000000000001e-06	2e-12	2e-12	2e-08	2e-12	2.3999999999999996e-09	2e-12	2e-12	2e-12
*10/*13	7.92e-05	2e-12	2e-12	2e-08	4.4e-09	9.6e-06	2e-12	2e-12	2e-12
*10/*14	6.5999999999999995e-09	2e-12	2e-12	2e-08	2e-12	2.3999999999999996e-09	2e-12	2e-12	2e-12
*10/*15	9.24e-05	2e-12	2e-12	2.8e-07	4e-09	9.6e-06	2e-12	2e-12	1.058e-07
*10/*16	6.5999999999999995e-09	2e-12	2e-12	2e-10	2e-12	2.3999999999999996e-09	2e-12	2e-12	2e-12
*10/*17	0.0013675199999999999	1.722e-07	3.416e-07	4.1000000000000006e-06	4.308e-07	0.00039983999999999994	3.8279999999999996e-07	1.14e-07	3.466e-07
*10/*18	6.5999999999999995e-09	2e-12	2e-12	3.98e-06	2e-12	2.3999999999999996e-09	2e-12	2e-12	2e-12
*10/*19	6.5999999999999995e-09	2e-12	2e-12	4e-08	2e-12	2.3999999999999996e-09	2e-12	2e-12	2e-12
*10/*2	0.0011979	2.428e-07	5.397999999999999e-07	5.6699999999999996e-05	2.938e-07	0.00025007999999999996	2.396e-07	1.219e-06	3.1359999999999995e-07
*10/*22	6.5999999999999995e-09	2e-12	2e-12	2e-10	2e-12	2.3999999999999996e-09	2e-12	2e-12	2e-12
*10/*23	6.5999999999999995e-09	2e-12	2e-12	1.2e-07	2e-12	2.3999999999999996e-09	2e-12	2e-12	2e-12
*10/*24	6.5999999999999995e-09	2e-12	2e-12	4e-08	2e-12	2.3999999999999996e-09	2e-12	2e-12	2e-12
*10/*25	6.5999999999999995e-09	2e-12	2e-12	4e-08	2e-12	2.3999999999999996e-09	2e-12	2e-12	2e-12
*10/*26	6.5999999999999995e-09	2e-12	2e-12	2e-10	2e-12	2.3999999999999996e-09	2e-12	2e-12	2e-12
*10/*28	6.5999999999999995e-09	2e-12	2e-12	2e-10	2e-12	2.3999999999999996e-09	2e-12	2e-12	7.4e-09
*10/*29	6.5999999999999995e-09	2e-12	2e-12	4e-08	2e-12	2.3999999999999996e-09	2e-12	2e-12	2e-12
*10/*3	1.848e-05	8e-10	3.1399999999999997e-08	1.45e-05	3.2e-09	1.92e-06	3.3e-08	2.928e-07	5.4e-09
*10/*30	6.5999999999999995e-09	2e-12	2e-12	4e-08	2e-12	2.3999999999999996e-09	2e-12	2e-12	2e-12
*10/*31	6.5999999999999995e-09	2e-12	2e-12	4e-08	2e-12	2.3999999999999996e-09	2e-12	2e-12	2e-12
*10/*32	6.5999999999999995e-09	2e-12	2e-12	4e-08	2e-12	2.3999999999999996e-09	2e-12	2e-12	2e-12
*10/*33	6.5999999999999995e-09	2e-12	2e-12	4e-08	2e-12	2.3999999999999996e-09	2e-12	2e-12	2e-12
*10/*34	6.5999999999999995e-09	2e-12	2e-12	2e-10	2e-12	2.3999999999999996e-09	2e-12	2e-12	2e-12
*10/*35	0.00010494000000000001	2e-12	2e-12	2e-10	2e-12	2.3999999999999996e-09	2e-12	2e-12	6.419999999999999e-08
*10/*36	6.5999999999999995e-09	2e-12	2e-12	2e-10	2e-12	2.3999999999999996e-09	2e-12	2e-12	2e-12
*10/*37	6.5999999999999995e-09	2e-12	2e-12	2e-10	2e-12	2.3999999999999996e-09	2e-12	2e-12	2e-12
*10/*38	0.00489456	1.6604e-06	1.308e-06	0.00013026000000000002	1.5134e-06	0.0019267199999999998	1.6748e-06	4.9e-07	1.6581999999999999e-06
*10/*39	6.5999999999999995e-09	2e-12	2e-12	2e-10	2e-12	2.3999999999999996e-09	2e-12	2e-12	2e-12
*10/*4	6.5999999999999995e-09	2e-12	2e-12	4e-08	4.6e-09	1.2e-06	2e-12	2e-12	2e-12
*10/*5	6.5999999999999995e-09	2e-12	2e-12	6.4e-07	2e-10	2.3999999999999996e-09	2e-12	2e-12	2e-12
*10/*6	6.5999999999999995e-09	2e-12	2e-12	1.2e-07	5.999999999999999e-10	2.3999999999999996e-09	2e-12	2e-12	2e-12
*10/*7	6.5999999999999995e-09	2e-12	2e-12	2e-08	2e-12	2.3999999999999996e-09	2e-12	2e-12	2e-12
*10/*8	7.260000000000001e-06	2e-12	2e-12	2e-10	6.8e-09	3.1199999999999998e-06	2e-12	2e-12	2e-12
*10/*9	9.438e-05	2e-12	2e-12	2e-08	1.4e-09	1.92e-06	2e-12	2e-12	5.3999999999999994e-08
*11/*11	1e-12	1e-12	1e-12	1e-12	1e-12	1e-12	1e-12	1e-12	1e-12
*11/*12	2.2e-09	2e-12	2e-12	2e-10	2e-12	2e-12	2e-12	2e-12	2e-12
*11/*13	2.4e-08	2e-12	2e-12	2e-10	4.4e-09	8e-09	2e-12	2e-12	2e-12
*11/*14	2e-12	2e-12	2e-12	2e-10	2e-12	2e-12	2e-12	2e-12	2e-12
*11/*15	2.8e-08	2e-12	2e-12	2.8e-09	4e-09	8e-09	2e-12	2e-12	1.058e-07
*11/*16	2e-12	2e-12	2e-12	2e-12	2e-12	2e-12	2e-12	2e-12	2e-12
*11/*17	4.1439999999999995e-07	1.722e-07	3.416e-07	4.1e-08	4.308e-07	3.332e-07	3.8279999999999996e-07	1.14e-07	3.466e-07
*11/*18	2e-12	2e-12	2e-12	3.98e-08	2e-12	2e-12	2e-12	2e-12	2e-12
*11/*19	2e-12	2e-12	2e-12	4e-10	2e-12	2e-12	2e-12	2e-12	2e-12
*11/*2	3.6299999999999995e-07	2.428e-07	5.397999999999999e-07	5.669999999999999e-07	2.938e-07	2.0839999999999999e-07	2.396e-07	1.219e-06	3.1359999999999995e-07
*11/*22	2e-12	2e-12	2e-12	2e-12	2e-12	2e-12	2e-12	2e-12	2e-12
*11/*23	2e-12	2e-12	2e-12	1.1999999999999998e-09	2e-12	2e-12	2e-12	2e-12	2e-12
*11/*24	2e-12	2e-12	2e-12	4e-10	2e-12	2e-12	2e-12	2e-12	2e-12
*11/*25	2e-12	2e-12	2e-12	4e-10	2e-12	2e-12	2e-12	2e-12	2e-12
*11/*26	2e-12	2e-12	2e-12	2e-12	2e-12	2e-12	2e-12	2e-12	2e-12
*11/*28	2e-12	2e-12	2e-12	2e-12	2e-12	2e-12	2e-12	2e-12	7.4e-09
*11/*29	2e-12	2e-12	2e-12	4e-10	2e-12	2e-12	2e-12	2e-12	2e-12
*11/*3	5.6e-09	8e-10	3.1399999999999997e-08	1.45e-07	3.2e-09	1.6e-09	3.3e-08	2.928e-07	5.4e-09
*11/*30	2e-12	2e-12	2e-12	4e-10	2e-12	2e-12	2e-12	2e-12	2e-12
*11/*31	2e-12	2e-12	2e-12	4e-10	2e-12	2e-12	2e-12	2e-12	2e-12
*11/*32	2e-12	2e-12	2e-12	4e-10	2e-12	2e-12	2e-12	2e-12	2e-12
*11/*33	2e-12	2e-12	2e-12	4e-10	2e-12	2e-12	2e-12	2e-12	2e-12
*11/*34	2e-12	2e-12	2e-12	2e-12	2e-12	2e-12	2e-12	2e-12	2e-12
*11/*35	3.18e-08	2e-12	2e-12	2e-12	2e-12	2e-12	2e-12	2e-12	6.419999999999999e-08
*11/*36	2e-12	2e-12	2e-12	2e-12	2e-12	2e-12	2e-12	2e-12	2e-12
*11/*37	2e-12	2e-12	2e-12	2e-12	2e-12	2e-12	2e-12	2e-12	2e-12
*11/*38	1.4832e-06	1.6604e-06	1.308e-06	1.3025999999999998e-06	1.5134e-06	1.6056e-06	1.6748e-06	4.9e-07	1.6581999999999999e-06
*11/*39	2e-12	2e-12	2e-12	2e-12	2e-12	2e-12	2e-12	2e-12	2e-12
*11/*4	2e-12	2e-12	2e-12	4e-10	4.6e-09	1e-09	2e-12	2e-12	2e-12
*11/*5	2e-12	2e-12	2e-12	6.4e-09	2e-10	2e-12	2e-12	2e-12	2e-12
*11/*6	2e-12	2e-12	2e-12	1.1999999999999998e-09	5.999999999999999e-10	2e-12	2e-12	2e-12	2e-12
*11/*7	2e-12	2e-12	2e-12	2e-10	2e-12	2e-12	2e-12	2e-12	2e-12
*11/*8	2.2e-09	2e-12	2e-12	2e-12	6.8e-09	2.5999999999999997e-09	2e-12	2e-12	2e-12
*11/*9	2.8599999999999998e-08	2e-12	2e-12	2e-10	1.4e-09	1.6e-09	2e-12	2e-12	5.3999999999999994e-08
*12/*12	1.21e-06	1e-12	1e-12	1e-08	1e-12	1e-12	1e-12	1e-12	1e-12
*12/*13	2.64e-05	2e-12	2e-12	2e-08	4.4e-09	8e-09	2e-12	2e-12	2e-12
*12/*14	2.2e-09	2e-12	2e-12	2e-08	2e-12	2e-12	2e-12	2e-12	2e-12
*12/*15	3.08e-05	2e-12	2e-12	2.8e-07	4e-09	8e-09	2e-12	2e-12	1.058e-07
*12/*16	2.2e-09	2e-12	2e-12	2e-10	2e-12	2e-12	2e-12	2e-12	2e-12
*12/*17	0.00045584	1.722e-07	3.416e-07	4.1000000000000006e-06	4.308e-07	3.332e-07	3.8279999999999996e-07	1.14e-07	3.466e-07
*12/*18	2.2e-09	2e-12	2e-12	3.98e-06	2e-12	2e-12	2e-12	2e-12	2e-12
*12/*19	2.2e-09	2e-12	2e-12	4e-08	2e-12	2e-12	2e-12	2e-12	2e-12
*12/*2	0.0003993	2.428e-07	5.397999999999999e-07	5.6699999999999996e-05	2.938e-07	2.0839999999999999e-07	2.396e-07	1.219e-06	3.1359999999999995e-07
*12/*22	2.2e-09	2e-12	2e-12	2e-10	2e-12	2e-12	2e-12	2e-12	2e-12
*12/*23	2.2e-09	2e-12	2e-12	1.2e-07	2e-12	2e-12	2e-12	2e-12	2e-12
*12/*24	2.2e-09	2e-12	2e-12	4e-08	2e-12	2e-12	2e-12	2e-12	2e-12
*12/*25	2.2e-09	2e-12	2e-12	4e-08	2e-12	2e-12	2e-12	2e-12	2e-12
*12/*26	2.2e-09	2e-12	2e-12	2e-10	2e-12	2e-12	2e-12	2e-12	2e-12
*12/*28	2.2e-09	2e-12	2e-12	2e-10	2e-12	2e-12	2e-12	2e-12	7.4e-09
*12/*29	2.2e-09	2e-12	2e-12	4e-08	2e-12	2e-12	2e-12	2e-12	2e-12
*12/*3	6.16e-06	8e-10	3.1399999999999997e-08	1.45e-05	3.2e-09	1.6e-09	3.3e-08	2.928e-07	5.4e-09
*12/*30	2.2e-09	2e-12	2e-12	4e-08	2e-12	2e-12	2e-12	2e-12	2e-12
*12/*31	2.2e-09	2e-12	2e-12	4e-08	2e-12	2e-12	2e-12	2e-12	2e-12
*12/*32	2.2e-09	2e-12	2e-12	4e-08	2e-12	2e-12	2e-12	2e-12	2e-12
*12/*33	2.2e-09	2e-12	2e-12	4e-08	2e-12	2e-12	2e-12	2e-12	2e-12
*12/*34	2.2e-09	2e-12	2e-12	2e-10	2e-12	2e-12	2e-12	2e-12	2e-12
*12/*35	3.498000000000001e-05	2e-12	2e-12	2e-10	2e-12	2e-12	2e-12	2e-12	6.419999999999999e-08
*12/*36	2.2e-09	2e-12	2e-12	2e-10	2e-12	2e-12	2e-12	2e-12	2e-12
*12/*37	2.2e-09	2e-12	2e-12	2e-10	2e-12	2e-12	2e-12	2e-12	2e-12
*12/*38	0.0016315200000000002	1.6604e-06	1.308e-06	0.00013026000000000002	1.5134e-06	1.6056e-06	1.6748e-06	4.9e-07	1.6581999999999999e-06
*12/*39	2.2e-09	2e-12	2e-12	2e-10	2e-12	2e-12	2e-12	2e-12	2e-12
*12/*4	2.2e-09	2e-12	2e-12	4e-08	4.6e-09	1e-09	2e-12	2e-12	2e-12
*12/*5	2.2e-09	2e-12	2e-12	6.4e-07	2e-10	2e-12	2e-12	2e-12	2e-12
*12/*6	2.2e-09	2e-12	2e-12	1.2e-07	5.999999999999999e-10	2e-12	2e-12	2e-12	2e-12
*12/*7	2.2e-09	2e-12	2e-12	2e-08	2e-12	2e-12	2e-12	2e-12	2e-12
*12/*8	2.42e-06	2e-12	2e-12	2e-10	6.8e-09	2.5999999999999997e-09	2e-12	2e-12	2e-12
*12/*9	3.146e-05	2e-12	2e-12	2e-08	1.4e-09	1.6e-09	2e-12	2e-12	5.3999999999999994e-08
*13/*13	0.000144	1e-12	1e-12	1e-08	4.84e-06	1.6e-05	1e-12	1e-12	1e-12
*13/*14	2.4e-08	2e-12	2e-12	2e-08	4.4e-09	8e-09	2e-12	2e-12	2e-12
*13/*15	0.00033600000000000004	2e-12	2e-12	2.8e-07	8.8e-06	3.2e-05	2e-12	2e-12	1.058e-07
*13/*16	2.4e-08	2e-12	2e-12	2e-10	4.4e-09	8e-09	2e-12	2e-12	2e-12
*13/*17	0.0049728	1.722e-07	3.416e-07	4.1000000000000006e-06	0.0009477600000000001	0.0013328	3.8279999999999996e-07	1.14e-07	3.466e-07
*13/*18	2.4e-08	2e-12	2e-12	3.98e-06	4.4e-09	8e-09	2e-12	2e-12	2e-12
*13/*19	2.4e-08	2e-12	2e-12	4e-08	4.4e-09	8e-09	2e-12	2e-12	2e-12
*13/*2	0.004356	2.428e-07	5.397999999999999e-07	5.6699999999999996e-05	0.00064636	0.0008336	2.396e-07	1.219e-06	3.1359999999999995e-07
*13/*22	2.4e-08	2e-12	2e-12	2e-10	4.4e-09	8e-09	2e-12	2e-12	2e-12
*13/*23	2.4e-08	2e-12	2e-12	1.2e-07	4.4e-09	8e-09	2e-12	2e-12	2e-12
*13/*24	2.4e-08	2e-12	2e-12	4e-08	4.4e-09	8e-09	2e-12	2e-12	2e-12
*13/*25	2.4e-08	2e-12	2e-12	4e-08	4.4e-09	8e-09	2e-12	2e-12	2e-12
*13/*26	2.4e-08	2e-12	2e-12	2e-10	4.4e-09	8e-09	2e-12	2e-12	2e-12
*13/*28	2.4e-08	2e-12	2e-12	2e-10	4.4e-09	8e-09	2e-12	2e-12	7.4e-09
*13/*29	2.4e-08	2e-12	2e-12	4e-08	4.4e-09	8e-09	2e-12	2e-12	2e-12
*13/*3	6.720000000000001e-05	8e-10	3.1399999999999997e-08	1.45e-05	7.04e-06	6.4000000000000006e-06	3.3e-08	2.928e-07	5.4e-09
*13/*30	2.4e-08	2e-12	2e-12	4e-08	4.4e-09	8e-09	2e-12	2e-12	2e-12
*13/*31	2.4e-08	2e-12	2e-12	4e-08	4.4e-09	8e-09	2e-12	2e-12	2e-12
*13/*32	2.4e-08	2e-12	2e-12	4e-08	4.4e-09	8e-09	2e-12	2e-12	2e-12
*13/*33	2.4e-08	2e-12	2e-12	4e-08	4.4e-09	8e-09	2e-12	2e-12	2e-12
*13/*34	2.4e-08	2e-12	2e-12	2e-10	4.4e-09	8e-09	2e-12	2e-12	2e-12
*13/*35	0.0003816	2e-12	2e-12	2e-10	4.4e-09	8e-09	2e-12	2e-12	6.419999999999999e-08
*13/*36	2.4e-08	2e-12	2e-12	2e-10	4.4e-09	8e-09	2e-12	2e-12	2e-12
*13/*37	2.4e-08	2e-12	2e-12	2e-10	4.4e-09	8e-09	2e-12	2e-12	2e-12
*13/*38	0.017798400000000002	1.6604e-06	1.308e-06	0.00013026000000000002	0.0033294800000000005	0.0064224	1.6748e-06	4.9e-07	1.6581999999999999e-06
*13/*39	2.4e-08	2e-12	2e-12	2e-10	4.4e-09	8e-09	2e-12	2e-12	2e-12
*13/*4	2.4e-08	2e-12	2e-12	4e-08	1.012e-05	4e-06	2e-12	2e-12	2e-12
*13/*5	2.4e-08	2e-12	2e-12	6.4e-07	4.4e-07	8e-09	2e-12	2e-12	2e-12
*13/*6	2.4e-08	2e-12	2e-12	1.2e-07	1.32e-06	8e-09	2e-12	2e-12	2e-12
*13/*7	2.4e-08	2e-12	2e-12	2e-08	4.4e-09	8e-09	2e-12	2e-12	2e-12
*13/*8	2.64e-05	2e-12	2e-12	2e-10	1.496e-05	1.04e-05	2e-12	2e-12	2e-12
*13/*9	0.0003432	2e-12	2e-12	2e-08	3.08e-06	6.4000000000000006e-06	2e-12	2e-12	5.3999999999999994e-08
*14/*14	1e-12	1e-12	1e-12	1e-08	1e-12	1e-12	1e-12	1e-12	1e-12
*14/*15	2.8e-08	2e-12	2e-12	2.8e-07	4e-09	8e-09	2e-12	2e-12	1.058e-07
*14/*16	2e-12	2e-12	2e-12	2e-10	2e-12	2e-12	2e-12	2e-12	2e-12
*14/*17	4.1439999999999995e-07	1.722e-07	3.416e-07	4.1000000000000006e-06	4.308e-07	3.332e-07	3.8279999999999996e-07	1.14e-07	3.466e-07
*14/*18	2e-12	2e-12	2e-12	3.98e-06	2e-12	2e-12	2e-12	2e-12	2e-12
*14/*19	2e-12	2e-12	2e-12	4e-08	2e-12	2e-12	2e-12	2e-12	2e-12
*14/*2	3.6299999999999995e-07	2.428e-07	5.397999999999999e-07	5.6699999999999996e-05	2.938e-07	2.0839999999999999e-07	2.396e-07	1.219e-06	3.1359999999999995e-07
*14/*22	2e-12	2e-12	2e-12	2e-10	2e-12	2e-12	2e-12	2e-12	2e-12
*14/*23	2e-12	2e-12	2e-12	1.2e-07	2e-12	2e-12	2e-12	2e-12	2e-12
*14/*24	2e-12	2e-12	2e-12	4e-08	2e-12	2e-12	2e-12	2e-12	2e-12
*14/*25	2e-12	2e-12	2e-12	4e-08	2e-12	2e-12	2e-12	2e-12	2e-12
*14/*26	2e-12	2e-12	2e-12	2e-10	2e-12	2e-12	2e-12	2e-12	2e-12
*14/*28	2e-12	2e-12	2e-12	2e-10	2e-12	2e-12	2e-12	2e-12	7.4e-09
*14/*29	2e-12	2e-12	2e-12	4e-08	2e-12	2e-12	2e-12	2e-12	2e-12
*14/*3	5.6e-09	8e-10	3.1399999999999997e-08	1.45e-05	3.2e-09	1.6e-09	3.3e-08	2.928e-07	5.4e-09
*14/*30	2e-12	2e-12	2e-12	4e-08	2e-12	2e-12	2e-12	2e-12	2e-12
*14/*31	2e-12	2e-12	2e-12	4e-08	2e-12	2e-12	2e-12	2e-12	2e-12
*14/*32	2e-12	2e-12	2e-12	4e-08	2e-12	2e-12	2e-12	2e-12	2e-12
*14/*33	2e-12	2e-12	2e-12	4e-08	2e-12	2e-12	2e-12	2e-12	2e-12
*14/*34	2e-12	2e-12	2e-12	2e-10	2e-12	2e-12	2e-12	2e-12	2e-12
*14/*35	3.18e-08	2e-12	2e-12	2e-10	2e-12	2e-12	2e-12	2e-12	6.419999999999999e-08
*14/*36	2e-12	2e-12	2e-12	2e-10	2e-12	2e-12	2e-12	2e-12	2e-12
*14/*37	2e-12	2e-12	2e-12	2e-10	2e-12	2e-12	2e-12	2e-12	2e-12
*14/*38	1.4832e-06	1.6604e-06	1.308e-06	0.00013026000000000002	1.5134e-06	1.6056e-06	1.6748e-06	4.9e-07	1.6581999999999999e-06
*14/*39	2e-12	2e-12	2e-12	2e-10	2e-12	2e-12	2e-12	2e-12	2e-12
*14/*4	2e-12	2e-12	2e-12	4e-08	4.6e-09	1e-09	2e-12	2e-12	2e-12
*14/*5	2e-12	2e-12	2e-12	6.4e-07	2e-10	2e-12	2e-12	2e-12	2e-12
*14/*6	2e-12	2e-12	2e-12	1.2e-07	5.999999999999999e-10	2e-12	2e-12	2e-12	2e-12
*14/*7	2e-12	2e-12	2e-12	2e-08	2e-12	2e-12	2e-12	2e-12	2e-12
*14/*8	2.2e-09	2e-12	2e-12	2e-10	6.8e-09	2.5999999999999997e-09	2e-12	2e-12	2e-12
*14/*9	2.8599999999999998e-08	2e-12	2e-12	2e-08	1.4e-09	1.6e-09	2e-12	2e-12	5.3999999999999994e-08
*15/*15	0.00019600000000000002	1e-12	1e-12	1.96e-06	4e-06	1.6e-05	1e-12	1e-12	0.0027984100000000003
*15/*16	2.8e-08	2e-12	2e-12	2.8e-09	4e-09	8e-09	2e-12	2e-12	1.058e-07
*15/*17	0.0058016	1.722e-07	3.416e-07	5.74e-05	0.0008616	0.0013328	3.8279999999999996e-07	1.14e-07	0.018335140000000003
*15/*18	2.8e-08	2e-12	2e-12	5.572e-05	4e-09	8e-09	2e-12	2e-12	1.058e-07
*15/*19	2.8e-08	2e-12	2e-12	5.6e-07	4e-09	8e-09	2e-12	2e-12	1.058e-07
*15/*2	0.005082	2.428e-07	5.397999999999999e-07	0.0007937999999999999	0.0005876	0.0008336	2.396e-07	1.219e-06	0.01658944
*15/*22	2.8e-08	2e-12	2e-12	2.8e-09	4e-09	8e-09	2e-12	2e-12	1.058e-07
*15/*23	2.8e-08	2e-12	2e-12	1.6799999999999998e-06	4e-09	8e-09	2e-12	2e-12	1.058e-07
*15/*24	2.8e-08	2e-12	2e-12	5.6e-07	4e-09	8e-09	2e-12	2e-12	1.058e-07
*15/*25	2.8e-08	2e-12	2e-12	5.6e-07	4e-09	8e-09	2e-12	2e-12	1.058e-07
*15/*26	2.8e-08	2e-12	2e-12	2.8e-09	4e-09	8e-09	2e-12	2e-12	1.058e-07
*15/*28	2.8e-08	2e-12	2e-12	2.8e-09	4e-09	8e-09	2e-12	2e-12	0.00039146000000000005
*15/*29	2.8e-08	2e-12	2e-12	5.6e-07	4e-09	8e-09	2e-12	2e-12	1.058e-07
*15/*3	7.84e-05	8e-10	3.1399999999999997e-08	0.00020299999999999997	6.4000000000000006e-06	6.4000000000000006e-06	3.3e-08	2.928e-07	0.00028566
*15/*30	2.8e-08	2e-12	2e-12	5.6e-07	4e-09	8e-09	2e-12	2e-12	1.058e-07
*15/*31	2.8e-08	2e-12	2e-12	5.6e-07	4e-09	8e-09	2e-12	2e-12	1.058e-07
*15/*32	2.8e-08	2e-12	2e-12	5.6e-07	4e-09	8e-09	2e-12	2e-12	1.058e-07
*15/*33	2.8e-08	2e-12	2e-12	5.6e-07	4e-09	8e-09	2e-12	2e-12	1.058e-07
*15/*34	2.8e-08	2e-12	2e-12	2.8e-09	4e-09	8e-09	2e-12	2e-12	1.058e-07
*15/*35	0.00044520000000000003	2e-12	2e-12	2.8e-09	4e-09	8e-09	2e-12	2e-12	0.00339618
*15/*36	2.8e-08	2e-12	2e-12	2.8e-09	4e-09	8e-09	2e-12	2e-12	1.058e-07
*15/*37	2.8e-08	2e-12	2e-12	2.8e-09	4e-09	8e-09	2e-12	2e-12	1.058e-07
*15/*38	0.0207648	1.6604e-06	1.308e-06	0.0018236399999999999	0.0030268	0.0064224	1.6748e-06	4.9e-07	0.08771878
*15/*39	2.8e-08	2e-12	2e-12	2.8e-09	4e-09	8e-09	2e-12	2e-12	1.058e-07
*15/*4	2.8e-08	2e-12	2e-12	5.6e-07	9.2e-06	4e-06	2e-12	2e-12	1.058e-07
*15/*5	2.8e-08	2e-12	2e-12	8.96e-06	4.0000000000000003e-07	8e-09	2e-12	2e-12	1.058e-07
*15/*6	2.8e-08	2e-12	2e-12	1.6799999999999998e-06	1.2e-06	8e-09	2e-12	2e-12	1.058e-07
*15/*7	2.8e-08	2e-12	2e-12	2.8e-07	4e-09	8e-09	2e-12	2e-12	1.058e-07
*15/*8	3.08e-05	2e-12	2e-12	2.8e-09	1.36e-05	1.04e-05	2e-12	2e-12	1.058e-07
*15/*9	0.00040040000000000003	2e-12	2e-12	2.8e-07	2.8e-06	6.4000000000000006e-06	2e-12	2e-12	0.0028566
*16/*16	1e-12	1e-12	1e-12	1e-12	1e-12	1e-12	1e-12	1e-12	1e-12
*16/*17	4.1439999999999995e-07	1.722e-07	3.416e-07	4.1e-08	4.308e-07	3.332e-07	3.8279999999999996e-07	1.14e-07	3.466e-07
*16/*18	2e-12	2e-12	2e-12	3.98e-08	2e-12	2e-12	2e-12	2e-12	2e-12
*16/*19	2e-12	2e-12	2e-12	4e-10	2e-12	2e-12	2e-12	2e-12	2e-12
*16/*2	3.6299999999999995e-07	2.428e-07	5.397999999999999e-07	5.669999999999999e-07	2.938e-07	2.0839999999999999e-07	2.396e-07	1.219e-06	3.1359999999999995e-07
*16/*22	2e-12	2e-12	2e-12	2e-12	2e-12	2e-12	2e-12	2e-12	2e-12
*16/*23	2e-12	2e-12	2e-12	1.1999999999999998e-09	2e-12	2e-12	2e-12	2e-12	2e-12
*16/*24	2e-12	2e-12	2e-12	4e-10	2e-12	2e-12	2e-12	2e-12	2e-12
*16/*25	2e-12	2e-12	2e-12	4e-10	2e-12	2e-12	2e-12	2e-12	2e-12
*16/*26	2e-12	2e-12	2e-12	2e-12	2e-12	2e-12	2e-12	2e-12	2e-12
*16/*28	2e-12	2e-12	2e-12	2e-12	2e-12	2e-12	2e-12	2e-12	7.4e-09
*16/*29	2e-12	2e-12	2e-12	4e-10	2e-12	2e-12	2e-12	2e-12	2e-12
*16/*3	5.6e-09	8e-10	3.1399999999999997e-08	1.45e-07	3.2e-09	1.6e-09	3.3e-08	2.928e-07	5.4e-09
*16/*30	2e-12	2e-12	2e-12	4e-10	2e-12	2e-12	2e-12	2e-12	2e-12
*16/*31	2e-12	2e-12	2e-12	4e-10	2e-12	2e-12	2e-12	2e-12	2e-12
*16/*32	2e-12	2e-12	2e-12	4e-10	2e-12	2e-12	2e-12	2e-12	2e-12
*16/*33	2e-12	2e-12	2e-12	4e-10	2e-12	2e-12	2e-12	2e-12	2e-12
*16/*34	2e-12	2e-12	2e-12	2e-12	2e-12	2e-12	2e-12	2e-12	2e-12
*16/*35	3.18e-08	2e-12	2e-12	2e-12	2e-12	2e-12	2e-12	2e-12	6.419999999999999e-08
*16/*36	2e-12	2e-12	2e-12	2e-12	2e-12	2e-12	2e-12	2e-12	2e-12
*16/*37	2e-12	2e-12	2e-12	2e-12	2e-12	2e-12	2e-12	2e-12	2e-12
*16/*38	1.4832e-06	1.6604e-06	1.308e-06	1.3025999999999998e-06	1.5134e-06	1.6056e-06	1.6748e-06	4.9e-07	1.6581999999999999e-06
*16/*39	2e-12	2e-12	2e-12	2e-12	2e-12	2e-12	2e-12	2e-12	2e-12
*16/*4	2e-12	2e-12	2e-12	4e-10	4.6e-09	1e-09	2e-12	2e-12	2e-12
*16/*5	2e-12	2e-12	2e-12	6.4e-09	2e-10	2e-12	2e-12	2e-12	2e-12
*16/*6	2e-12	2e-12	2e-12	1.1999999999999998e-09	5.999999999999999e-10	2e-12	2e-12	2e-12	2e-12
*16/*7	2e-12	2e-12	2e-12	2e-10	2e-12	2e-12	2e-12	2e-12	2e-12
*16/*8	2.2e-09	2e-12	2e-12	2e-12	6.8e-09	2.5999999999999997e-09	2e-12	2e-12	2e-12
*16/*9	2.8599999999999998e-08	2e-12	2e-12	2e-10	1.4e-09	1.6e-09	2e-12	2e-12	5.3999999999999994e-08
*17/*17	0.04293184	0.007413209999999999	0.029172640000000003	0.00042025000000000005	0.04639716000000001	0.02775556	0.03663395999999999	0.003249	0.030032890000000003
*17/*18	4.1439999999999995e-07	1.722e-07	3.416e-07	0.0008159	4.308e-07	3.332e-07	3.8279999999999996e-07	1.14e-07	3.466e-07
*17/*19	4.1439999999999995e-07	1.722e-07	3.416e-07	8.200000000000001e-06	4.308e-07	3.332e-07	3.8279999999999996e-07	1.14e-07	3.466e-07
*17/*2	0.07521359999999999	0.02090508	0.09219783999999999	0.0116235	0.06328452	0.03471944	0.04585944	0.069483	0.05434688
*17/*22	4.1439999999999995e-07	1.722e-07	3.416e-07	4.1e-08	4.308e-07	3.332e-07	3.8279999999999996e-07	1.14e-07	3.466e-07
*17/*23	4.1439999999999995e-07	1.722e-07	3.416e-07	2.4599999999999998e-05	4.308e-07	3.332e-07	3.8279999999999996e-07	1.14e-07	3.466e-07
*17/*24	4.1439999999999995e-07	1.722e-07	3.416e-07	8.200000000000001e-06	4.308e-07	3.332e-07	3.8279999999999996e-07	1.14e-07	3.466e-07
*17/*25	4.1439999999999995e-07	1.722e-07	3.416e-07	8.200000000000001e-06	4.308e-07	3.332e-07	3.8279999999999996e-07	1.14e-07	3.466e-07
*17/*26	4.1439999999999995e-07	1.722e-07	3.416e-07	4.1e-08	4.308e-07	3.332e-07	3.8279999999999996e-07	1.14e-07	3.466e-07
*17/*28	4.1439999999999995e-07	1.722e-07	3.416e-07	4.1e-08	4.308e-07	3.332e-07	3.8279999999999996e-07	1.14e-07	0.00128242
*17/*29	4.1439999999999995e-07	1.722e-07	3.416e-07	8.200000000000001e-06	4.308e-07	3.332e-07	3.8279999999999996e-07	1.14e-07	3.466e-07
*17/*3	0.00116032	6.888e-05	0.00536312	0.0029725	0.00068928	0.00026656	0.0063162	0.016689600000000002	0.0009358200000000001
*17/*30	4.1439999999999995e-07	1.722e-07	3.416e-07	8.200000000000001e-06	4.308e-07	3.332e-07	3.8279999999999996e-07	1.14e-07	3.466e-07
*17/*31	4.1439999999999995e-07	1.722e-07	3.416e-07	8.200000000000001e-06	4.308e-07	3.332e-07	3.8279999999999996e-07	1.14e-07	3.466e-07
*17/*32	4.1439999999999995e-07	1.722e-07	3.416e-07	8.200000000000001e-06	4.308e-07	3.332e-07	3.8279999999999996e-07	1.14e-07	3.466e-07
*17/*33	4.1439999999999995e-07	1.722e-07	3.416e-07	8.200000000000001e-06	4.308e-07	3.332e-07	3.8279999999999996e-07	1.14e-07	3.466e-07
*17/*34	4.1439999999999995e-07	1.722e-07	3.416e-07	4.1e-08	4.308e-07	3.332e-07	3.8279999999999996e-07	1.14e-07	3.466e-07
*17/*35	0.0065889600000000005	1.722e-07	3.416e-07	4.1e-08	4.308e-07	3.332e-07	3.8279999999999996e-07	1.14e-07	0.01112586
*17/*36	4.1439999999999995e-07	1.722e-07	3.416e-07	4.1e-08	4.308e-07	3.332e-07	3.8279999999999996e-07	1.14e-07	3.466e-07
*17/*37	4.1439999999999995e-07	1.722e-07	3.416e-07	4.1e-08	4.308e-07	3.332e-07	3.8279999999999996e-07	1.14e-07	3.466e-07
*17/*38	0.30731904	0.14296044	0.2234064	0.0267033	0.32598636000000003	0.26749296	0.32055672	0.02793	0.28736606
*17/*39	4.1439999999999995e-07	1.722e-07	3.416e-07	4.1e-08	4.308e-07	3.332e-07	3.8279999999999996e-07	1.14e-07	3.466e-07
*17/*4	4.1439999999999995e-07	1.722e-07	3.416e-07	8.200000000000001e-06	0.00099084	0.0001666	3.8279999999999996e-07	1.14e-07	3.466e-07
*17/*5	4.1439999999999995e-07	1.722e-07	3.416e-07	0.00013120000000000002	4.308e-05	3.332e-07	3.8279999999999996e-07	1.14e-07	3.466e-07
*17/*6	4.1439999999999995e-07	1.722e-07	3.416e-07	2.4599999999999998e-05	0.00012924	3.332e-07	3.8279999999999996e-07	1.14e-07	3.466e-07
*17/*7	4.1439999999999995e-07	1.722e-07	3.416e-07	4.1000000000000006e-06	4.308e-07	3.332e-07	3.8279999999999996e-07	1.14e-07	3.466e-07
*17/*8	0.00045584	1.722e-07	3.416e-07	4.1e-08	0.0014647199999999999	0.00043316	3.8279999999999996e-07	1.14e-07	3.466e-07
*17/*9	0.00592592	1.722e-07	3.416e-07	4.1000000000000006e-06	0.00030156000000000003	0.00026656	3.8279999999999996e-07	1.14e-07	0.0093582
*18/*18	1e-12	1e-12	1e-12	0.00039601	1e-12	1e-12	1e-12	1e-12	1e-12
*18/*19	2e-12	2e-12	2e-12	7.96e-06	2e-12	2e-12	2e-12	2e-12	2e-12
*18/*2	3.6299999999999995e-07	2.428e-07	5.397999999999999e-07	0.0112833	2.938e-07	2.0839999999999999e-07	2.396e-07	1.219e-06	3.1359999999999995e-07
*18/*22	2e-12	2e-12	2e-12	3.98e-08	2e-12	2e-12	2e-12	2e-12	2e-12
*18/*23	2e-12	2e-12	2e-12	2.388e-05	2e-12	2e-12	2e-12	2e-12	2e-12
*18/*24	2e-12	2e-12	2e-12	7.96e-06	2e-12	2e-12	2e-12	2e-12	2e-12
*18/*25	2e-12	2e-12	2e-12	7.96e-06	2e-12	2e-12	2e-12	2e-12	2e-12
*18/*26	2e-12	2e-12	2e-12	3.98e-08	2e-12	2e-12	2e-12	2e-12	2e-12
*18/*28	2e-12	2e-12	2e-12	3.98e-08	2e-12	2e-12	2e-12	2e-12	7.4e-09
*18/*29	2e-12	2e-12	2e-12	7.96e-06	2e-12	2e-12	2e-12	2e-12	2e-12
*18/*3	5.6e-09	8e-10	3.1399999999999997e-08	0.0028855	3.2e-09	1.6e-09	3.3e-08	2.928e-07	5.4e-09
*18/*30	2e-12	2e-12	2e-12	7.96e-06	2e-12	2e-12	2e-12	2e-12	2e-12
*18/*31	2e-12	2e-12	2e-12	7.96e-06	2e-12	2e-12	2e-12	2e-12	2e-12
*18/*32	2e-12	2e-12	2e-12	7.96e-06	2e-12	2e-12	2e-12	2e-12	2e-12
*18/*33	2e-12	2e-12	2e-12	7.96e-06	2e-12	2e-12	2e-12	2e-12	2e-12
*18/*34	2e-12	2e-12	2e-12	3.98e-08	2e-12	2e-12	2e-12	2e-12	2e-12
*18/*35	3.18e-08	2e-12	2e-12	3.98e-08	2e-12	2e-12	2e-12	2e-12	6.419999999999999e-08
*18/*36	2e-12	2e-12	2e-12	3.98e-08	2e-12	2e-12	2e-12	2e-12	2e-12
*18/*37	2e-12	2e-12	2e-12	3.98e-08	2e-12	2e-12	2e-12	2e-12	2e-12
*18/*38	1.4832e-06	1.6604e-06	1.308e-06	0.025921740000000002	1.5134e-06	1.6056e-06	1.6748e-06	4.9e-07	1.6581999999999999e-06
*18/*39	2e-12	2e-12	2e-12	3.98e-08	2e-12	2e-12	2e-12	2e-12	2e-12
*18/*4	2e-12	2e-12	2e-12	7.96e-06	4.6e-09	1e-09	2e-12	2e-12	2e-12
*18/*5	2e-12	2e-12	2e-12	0.00012736	2e-10	2e-12	2e-12	2e-12	2e-12
*18/*6	2e-12	2e-12	2e-12	2.388e-05	5.999999999999999e-10	2e-12	2e-12	2e-12	2e-12
*18/*7	2e-12	2e-12	2e-12	3.98e-06	2e-12	2e-12	2e-12	2e-12	2e-12
*18/*8	2.2e-09	2e-12	2e-12	3.98e-08	6.8e-09	2.5999999999999997e-09	2e-12	2e-12	2e-12
*18/*9	2.8599999999999998e-08	2e-12	2e-12	3.98e-06	1.4e-09	1.6e-09	2e-12	2e-12	5.3999999999999994e-08
*19/*19	1e-12	1e-12	1e-12	4e-08	1e-12	1e-12	1e-12	1e-12	1e-12
*19/*2	3.6299999999999995e-07	2.428e-07	5.397999999999999e-07	0.00011339999999999999	2.938e-07	2.0839999999999999e-07	2.396e-07	1.219e-06	3.1359999999999995e-07
*19/*22	2e-12	2e-12	2e-12	4e-10	2e-12	2e-12	2e-12	2e-12	2e-12
*19/*23	2e-12	2e-12	2e-12	2.4e-07	2e-12	2e-12	2e-12	2e-12	2e-12
*19/*24	2e-12	2e-12	2e-12	8e-08	2e-12	2e-12	2e-12	2e-12	2e-12
*19/*25	2e-12	2e-12	2e-12	8e-08	2e-12	2e-12	2e-12	2e-12	2e-12
*19/*26	2e-12	2e-12	2e-12	4e-10	2e-12	2e-12	2e-12	2e-12	2e-12
*19/*28	2e-12	2e-12	2e-12	4e-10	2e-12	2e-12	2e-12	2e-12	7.4e-09
*19/*29	2e-12	2e-12	2e-12	8e-08	2e-12	2e-12	2e-12	2e-12	2e-12
*19/*3	5.6e-09	8e-10	3.1399999999999997e-08	2.9e-05	3.2e-09	1.6e-09	3.3e-08	2.928e-07	5.4e-09
*19/*30	2e-12	2e-12	2e-12	8e-08	2e-12	2e-12	2e-12	2e-12	2e-12
*19/*31	2e-12	2e-12	2e-12	8e-08	2e-12	2e-12	2e-12	2e-12	2e-12
*19/*32	2e-12	2e-12	2e-12	8e-08	2e-12	2e-12	2e-12	2e-12	2e-12
*19/*33	2e-12	2e-12	2e-12	8e-08	2e-12	2e-12	2e-12	2e-12	2e-12
*19/*34	2e-12	2e-12	2e-12	4e-10	2e-12	2e-12	2e-12	2e-12	2e-12
*19/*35	3.18e-08	2e-12	2e-12	4e-10	2e-12	2e-12	2e-12	2e-12	6.419999999999999e-08
*19/*36	2e-12	2e-12	2e-12	4e-10	2e-12	2e-12	2e-12	2e-12	2e-12
*19/*37	2e-12	2e-12	2e-12	4e-10	2e-12	2e-12	2e-12	2e-12	2e-12
*19/*38	1.4832e-06	1.6604e-06	1.308e-06	0.00026052000000000003	1.5134e-06	1.6056e-06	1.6748e-06	4.9e-07	1.6581999999999999e-06
*19/*39	2e-12	2e-12	2e-12	4e-10	2e-12	2e-12	2e-12	2e-12	2e-12
*19/*4	2e-12	2e-12	2e-12	8e-08	4.6e-09	1e-09	2e-12	2e-12	2e-12
*19/*5	2e-12	2e-12	2e-12	1.28e-06	2e-10	2e-12	2e-12	2e-12	2e-12
*19/*6	2e-12	2e-12	2e-12	2.4e-07	5.999999999999999e-10	2e-12	2e-12	2e-12	2e-12
*19/*7	2e-12	2e-12	2e-12	4e-08	2e-12	2e-12	2e-12	2e-12	2e-12
*19/*8	2.2e-09	2e-12	2e-12	4e-10	6.8e-09	2.5999999999999997e-09	2e-12	2e-12	2e-12
*19/*9	2.8599999999999998e-08	2e-12	2e-12	4e-08	1.4e-09	1.6e-09	2e-12	2e-12	5.3999999999999994e-08
*2/*2	0.03294225	0.014737959999999998	0.07284600999999999	0.08037224999999999	0.021579610000000003	0.01085764	0.014352040000000002	0.3714902500000001	0.02458624
*2/*22	3.6299999999999995e-07	2.428e-07	5.397999999999999e-07	5.669999999999999e-07	2.938e-07	2.0839999999999999e-07	2.396e-07	1.219e-06	3.1359999999999995e-07
*2/*23	3.6299999999999995e-07	2.428e-07	5.397999999999999e-07	0.0003401999999999999	2.938e-07	2.0839999999999999e-07	2.396e-07	1.219e-06	3.1359999999999995e-07
*2/*24	3.6299999999999995e-07	2.428e-07	5.397999999999999e-07	0.00011339999999999999	2.938e-07	2.0839999999999999e-07	2.396e-07	1.219e-06	3.1359999999999995e-07
*2/*25	3.6299999999999995e-07	2.428e-07	5.397999999999999e-07	0.00011339999999999999	2.938e-07	2.0839999999999999e-07	2.396e-07	1.219e-06	3.1359999999999995e-07
*2/*26	3.6299999999999995e-07	2.428e-07	5.397999999999999e-07	5.669999999999999e-07	2.938e-07	2.0839999999999999e-07	2.396e-07	1.219e-06	3.1359999999999995e-07
*2/*28	3.6299999999999995e-07	2.428e-07	5.397999999999999e-07	5.669999999999999e-07	2.938e-07	2.0839999999999999e-07	2.396e-07	1.219e-06	0.00116032
*2/*29	3.6299999999999995e-07	2.428e-07	5.397999999999999e-07	0.00011339999999999999	2.938e-07	2.0839999999999999e-07	2.396e-07	1.219e-06	3.1359999999999995e-07
*2/*3	0.0010164	9.712e-05	0.008474859999999999	0.04110749999999999	0.00047008000000000005	0.00016672	0.0039534	0.17846160000000003	0.00084672
*2/*30	3.6299999999999995e-07	2.428e-07	5.397999999999999e-07	0.00011339999999999999	2.938e-07	2.0839999999999999e-07	2.396e-07	1.219e-06	3.1359999999999995e-07
*2/*31	3.6299999999999995e-07	2.428e-07	5.397999999999999e-07	0.00011339999999999999	2.938e-07	2.0839999999999999e-07	2.396e-07	1.219e-06	3.1359999999999995e-07
*2/*32	3.6299999999999995e-07	2.428e-07	5.397999999999999e-07	0.00011339999999999999	2.938e-07	2.0839999999999999e-07	2.396e-07	1.219e-06	3.1359999999999995e-07
*2/*33	3.6299999999999995e-07	2.428e-07	5.397999999999999e-07	0.00011339999999999999	2.938e-07	2.0839999999999999e-07	2.396e-07	1.219e-06	3.1359999999999995e-07
*2/*34	3.6299999999999995e-07	2.428e-07	5.397999999999999e-07	5.669999999999999e-07	2.938e-07	2.0839999999999999e-07	2.396e-07	1.219e-06	3.1359999999999995e-07
*2/*35	0.0057717	2.428e-07	5.397999999999999e-07	5.669999999999999e-07	2.938e-07	2.0839999999999999e-07	2.396e-07	1.219e-06	0.010066559999999999
*2/*36	3.6299999999999995e-07	2.428e-07	5.397999999999999e-07	5.669999999999999e-07	2.938e-07	2.0839999999999999e-07	2.396e-07	1.219e-06	3.1359999999999995e-07
*2/*37	3.6299999999999995e-07	2.428e-07	5.397999999999999e-07	5.669999999999999e-07	2.938e-07	2.0839999999999999e-07	2.396e-07	1.219e-06	3.1359999999999995e-07
*2/*38	0.2692008	0.20157256	0.3530292	0.3692871	0.22231846000000002	0.16730351999999998	0.20064104000000002	0.298655	0.26000576
*2/*39	3.6299999999999995e-07	2.428e-07	5.397999999999999e-07	5.669999999999999e-07	2.938e-07	2.0839999999999999e-07	2.396e-07	1.219e-06	3.1359999999999995e-07
*2/*4	3.6299999999999995e-07	2.428e-07	5.397999999999999e-07	0.00011339999999999999	0.00067574	0.0001042	2.396e-07	1.219e-06	3.1359999999999995e-07
*2/*5	3.6299999999999995e-07	2.428e-07	5.397999999999999e-07	0.0018143999999999999	2.9380000000000003e-05	2.0839999999999999e-07	2.396e-07	1.219e-06	3.1359999999999995e-07
*2/*6	3.6299999999999995e-07	2.428e-07	5.397999999999999e-07	0.0003401999999999999	8.813999999999999e-05	2.0839999999999999e-07	2.396e-07	1.219e-06	3.1359999999999995e-07
*2/*7	3.6299999999999995e-07	2.428e-07	5.397999999999999e-07	5.6699999999999996e-05	2.938e-07	2.0839999999999999e-07	2.396e-07	1.219e-06	3.1359999999999995e-07
*2/*8	0.0003993	2.428e-07	5.397999999999999e-07	5.669999999999999e-07	0.00099892	0.00027092	2.396e-07	1.219e-06	3.1359999999999995e-07
*2/*9	0.0051909	2.428e-07	5.397999999999999e-07	5.6699999999999996e-05	0.00020566	0.00016672	2.396e-07	1.219e-06	0.0084672
*22/*22	1e-12	1e-12	1e-12	1e-12	1e-12	1e-12	1e-12	1e-12	1e-12
*22/*23	2e-12	2e-12	2e-12	1.1999999999999998e-09	2e-12	2e-12	2e-12	2e-12	2e-12
*22/*24	2e-12	2e-12	2e-12	4e-10	2e-12	2e-12	2e-12	2e-12	2e-12
*22/*25	2e-12	2e-12	2e-12	4e-10	2e-12	2e-12	2e-12	2e-12	2e-12
*22/*26	2e-12	2e-12	2e-12	2e-12	2e-12	2e-12	2e-12	2e-12	2e-12
*22/*28	2e-12	2e-12	2e-12	2e-12	2e-12	2e-12	2e-12	2e-12	7.4e-09
*22/*29	2e-12	2e-12	2e-12	4e-10	2e-12	2e-12	2e-12	2e-12	2e-12
*22/*3	5.6e-09	8e-10	3.1399999999999997e-08	1.45e-07	3.2e-09	1.6e-09	3.3e-08	2.928e-07	5.4e-09
*22/*30	2e-12	2e-12	2e-12	4e-10	2e-12	2e-12	2e-12	2e-12	2e-12
*22/*31	2e-12	2e-12	2e-12	4e-10	2e-12	2e-12	2e-12	2e-12	2e-12
*22/*32	2e-12	2e-12	2e-12	4e-10	2e-12	2e-12	2e-12	2e-12	2e-12
*22/*33	2e-12	2e-12	2e-12	4e-10	2e-12	2e-12	2e-12	2e-12	2e-12
*22/*34	2e-12	2e-12	2e-12	2e-12	2e-12	2e-12	2e-12	2e-12	2e-12
*22/*35	3.18e-08	2e-12	2e-12	2e-12	2e-12	2e-12	2e-12	2e-12	6.419999999999999e-08
*22/*36	2e-12	2e-12	2e-12	2e-12	2e-12	2e-12	2e-12	2e-12	2e-12
*22/*37	2e-12	2e-12	2e-12	2e-12	2e-12	2e-12	2e-12	2e-12	2e-12
*22/*38	1.4832e-06	1.6604e-06	1.308e-06	1.3025999999999998e-06	1.5134e-06	1.6056e-06	1.6748e-06	4.9e-07	1.6581999999999999e-06
*22/*39	2e-12	2e-12	2e-12	2e-12	2e-12	2e-12	2e-12	2e-12	2e-12
*22/*4	2e-12	2e-12	2e-12	4e-10	4.6e-09	1e-09	2e-12	2e-12	2e-12
*22/*5	2e-12	2e-12	2e-12	6.4e-09	2e-10	2e-12	2e-12	2e-12	2e-12
*22/*6	2e-12	2e-12	2e-12	1.1999999999999998e-09	5.999999999999999e-10	2e-12	2e-12	2e-12	2e-12
*22/*7	2e-12	2e-12	2e-12	2e-10	2e-12	2e-12	2e-12	2e-12	2e-12
*22/*8	2.2e-09	2e-12	2e-12	2e-12	6.8e-09	2.5999999999999997e-09	2e-12	2e-12	2e-12
*22/*9	2.8599999999999998e-08	2e-12	2e-12	2e-10	1.4e-09	1.6e-09	2e-12	2e-12	5.3999999999999994e-08
*23/*23	1e-12	1e-12	1e-12	3.5999999999999994e-07	1e-12	1e-12	1e-12	1e-12	1e-12
*23/*24	2e-12	2e-12	2e-12	2.4e-07	2e-12	2e-12	2e-12	2e-12	2e-12
*23/*25	2e-12	2e-12	2e-12	2.4e-07	2e-12	2e-12	2e-12	2e-12	2e-12
*23/*26	2e-12	2e-12	2e-12	1.1999999999999998e-09	2e-12	2e-12	2e-12	2e-12	2e-12
*23/*28	2e-12	2e-12	2e-12	1.1999999999999998e-09	2e-12	2e-12	2e-12	2e-12	7.4e-09
*23/*29	2e-12	2e-12	2e-12	2.4e-07	2e-12	2e-12	2e-12	2e-12	2e-12
*23/*3	5.6e-09	8e-10	3.1399999999999997e-08	8.699999999999999e-05	3.2e-09	1.6e-09	3.3e-08	2.928e-07	5.4e-09
*23/*30	2e-12	2e-12	2e-12	2.4e-07	2e-12	2e-12	2e-12	2e-12	2e-12
*23/*31	2e-12	2e-12	2e-12	2.4e-07	2e-12	2e-12	2e-12	2e-12	2e-12
*23/*32	2e-12	2e-12	2e-12	2.4e-07	2e-12	2e-12	2e-12	2e-12	2e-12
*23/*33	2e-12	2e-12	2e-12	2.4e-07	2e-12	2e-12	2e-12	2e-12	2e-12
*23/*34	2e-12	2e-12	2e-12	1.1999999999999998e-09	2e-12	2e-12	2e-12	2e-12	2e-12
*23/*35	3.18e-08	2e-12	2e-12	1.1999999999999998e-09	2e-12	2e-12	2e-12	2e-12	6.419999999999999e-08
*23/*36	2e-12	2e-12	2e-12	1.1999999999999998e-09	2e-12	2e-12	2e-12	2e-12	2e-12
*23/*37	2e-12	2e-12	2e-12	1.1999999999999998e-09	2e-12	2e-12	2e-12	2e-12	2e-12
*23/*38	1.4832e-06	1.6604e-06	1.308e-06	0.0007815599999999999	1.5134e-06	1.6056e-06	1.6748e-06	4.9e-07	1.6581999999999999e-06
*23/*39	2e-12	2e-12	2e-12	1.1999999999999998e-09	2e-12	2e-12	2e-12	2e-12	2e-12
*23/*4	2e-12	2e-12	2e-12	2.4e-07	4.6e-09	1e-09	2e-12	2e-12	2e-12
*23/*5	2e-12	2e-12	2e-12	3.84e-06	2e-10	2e-12	2e-12	2e-12	2e-12
*23/*6	2e-12	2e-12	2e-12	7.199999999999999e-07	5.999999999999999e-10	2e-12	2e-12	2e-12	2e-12
*23/*7	2e-12	2e-12	2e-12	1.2e-07	2e-12	2e-12	2e-12	2e-12	2e-12
*23/*8	2.2e-09	2e-12	2e-12	1.1999999999999998e-09	6.8e-09	2.5999999999999997e-09	2e-12	2e-12	2e-12
*23/*9	2.8599999999999998e-08	2e-12	2e-12	1.2e-07	1.4e-09	1.6e-09	2e-12	2e-12	5.3999999999999994e-08
*24/*24	1e-12	1e-12	1e-12	4e-08	1e-12	1e-12	1e-12	1e-12	1e-12
*24/*25	2e-12	2e-12	2e-12	8e-08	2e-12	2e-12	2e-12	2e-12	2e-12
*24/*26	2e-12	2e-12	2e-12	4e-10	2e-12	2e-12	2e-12	2e-12	2e-12
*24/*28	2e-12	2e-12	2e-12	4e-10	2e-12	2e-12	2e-12	2e-12	7.4e-09
*24/*29	2e-12	2e-12	2e-12	8e-08	2e-12	2e-12	2e-12	2e-12	2e-12
*24/*3	5.6e-09	8e-10	3.1399999999999997e-08	2.9e-05	3.2e-09	1.6e-09	3.3e-08	2.928e-07	5.4e-09
*24/*30	2e-12	2e-12	2e-12	8e-08	2e-12	2e-12	2e-12	2e-12	2e-12
*24/*31	2e-12	2e-12	2e-12	8e-08	2e-12	2e-12	2e-12	2e-12	2e-12
*24/*32	2e-12	2e-12	2e-12	8e-08	2e-12	2e-12	2e-12	2e-12	2e-12
*24/*33	2e-12	2e-12	2e-12	8e-08	2e-12	2e-12	2e-12	2e-12	2e-12
*24/*34	2e-12	2e-12	2e-12	4e-10	2e-12	2e-12	2e-12	2e-12	2e-12
*24/*35	3.18e-08	2e-12	2e-12	4e-10	2e-12	2e-12	2e-12	2e-12	6.419999999999999e-08
*24/*36	2e-12	2e-12	2e-12	4e-10	2e-12	2e-12	2e-12	2e-12	2e-12
*24/*37	2e-12	2e-12	2e-12	4e-10	2e-12	2e-12	2e-12	2e-12	2e-12
*24/*38	1.4832e-06	1.6604e-06	1.308e-06	0.00026052000000000003	1.5134e-06	1.6056e-06	1.6748e-06	4.9e-07	1.6581999999999999e-06
*24/*39	2e-12	2e-12	2e-12	4e-10	2e-12	2e-12	2e-12	2e-12	2e-12
*24/*4	2e-12	2e-12	2e-12	8e-08	4.6e-09	1e-09	2e-12	2e-12	2e-12
*24/*5	2e-12	2e-12	2e-12	1.28e-06	2e-10	2e-12	2e-12	2e-12	2e-12
*24/*6	2e-12	2e-12	2e-12	2.4e-07	5.999999999999999e-10	2e-12	2e-12	2e-12	2e-12
*24/*7	2e-12	2e-12	2e-12	4e-08	2e-12	2e-12	2e-12	2e-12	2e-12
*24/*8	2.2e-09	2e-12	2e-12	4e-10	6.8e-09	2.5999999999999997e-09	2e-12	2e-12	2e-12
*24/*9	2.8599999999999998e-08	2e-12	2e-12	4e-08	1.4e-09	1.6e-09	2e-12	2e-12	5.3999999999999994e-08
*25/*25	1e-12	1e-12	1e-12	4e-08	1e-12	1e-12	1e-12	1e-12	1e-12
*25/*26	2e-12	2e-12	2e-12	4e-10	2e-12	2e-12	2e-12	2e-12	2e-12
*25/*28	2e-12	2e-12	2e-12	4e-10	2e-12	2e-12	2e-12	2e-12	7.4e-09
*25/*29	2e-12	2e-12	2e-12	8e-08	2e-12	2e-12	2e-12	2e-12	2e-12
*25/*3	5.6e-09	8e-10	3.1399999999999997e-08	2.9e-05	3.2e-09	1.6e-09	3.3e-08	2.928e-07	5.4e-09
*25/*30	2e-12	2e-12	2e-12	8e-08	2e-12	2e-12	2e-12	2e-12	2e-12
*25/*31	2e-12	2e-12	2e-12	8e-08	2e-12	2e-12	2e-12	2e-12	2e-12
*25/*32	2e-12	2e-12	2e-12	8e-08	2e-12	2e-12	2e-12	2e-12	2e-12
*25/*33	2e-12	2e-12	2e-12	8e-08	2e-12	2e-12	2e-12	2e-12	2e-12
*25/*34	2e-12	2e-12	2e-12	4e-10	2e-12	2e-12	2e-12	2e-12	2e-12
*25/*35	3.18e-08	2e-12	2e-12	4e-10	2e-12	2e-12	2e-12	2e-12	6.419999999999999e-08
*25/*36	2e-12	2e-12	2e-12	4e-10	2e-12	2e-12	2e-12	2e-12	2e-12
*25/*37	2e-12	2e-12	2e-12	4e-10	2e-12	2e-12	2e-12	2e-12	2e-12
*25/*38	1.4832e-06	1.6604e-06	1.308e-06	0.00026052000000000003	1.5134e-06	1.6056e-06	1.6748e-06	4.9e-07	1.6581999999999999e-06
*25/*39	2e-12	2e-12	2e-12	4e-10	2e-12	2e-12	2e-12	2e-12	2e-12
*25/*4	2e-12	2e-12	2e-12	8e-08	4.6e-09	1e-09	2e-12	2e-12	2e-12
*25/*5	2e-12	2e-12	2e-12	1.28e-06	2e-10	2e-12	2e-12	2e-12	2e-12
*25/*6	2e-12	2e-12	2e-12	2.4e-07	5.999999999999999e-10	2e-12	2e-12	2e-12	2e-12
*25/*7	2e-12	2e-12	2e-12	4e-08	2e-12	2e-12	2e-12	2e-12	2e-12
*25/*8	2.2e-09	2e-12	2e-12	4e-10	6.8e-09	2.5999999999999997e-09	2e-12	2e-12	2e-12
*25/*9	2.8599999999999998e-08	2e-12	2e-12	4e-08	1.4e-09	1.6e-09	2e-12	2e-12	5.3999999999999994e-08
*26/*26	1e-12	1e-12	1e-12	1e-12	1e-12	1e-12	1e-12	1e-12	1e-12
*26/*28	2e-12	2e-12	2e-12	2e-12	2e-12	2e-12	2e-12	2e-12	7.4e-09
*26/*29	2e-12	2e-12	2e-12	4e-10	2e-12	2e-12	2e-12	2e-12	2e-12
*26/*3	5.6e-09	8e-10	3.1399999999999997e-08	1.45e-07	3.2e-09	1.6e-09	3.3e-08	2.928e-07	5.4e-09
*26/*30	2e-12	2e-12	2e-12	4e-10	2e-12	2e-12	2e-12	2e-12	2e-12
*26/*31	2e-12	2e-12	2e-12	4e-10	2e-12	2e-12	2e-12	2e-12	2e-12
*26/*32	2e-12	2e-12	2e-12	4e-10	2e-12	2e-12	2e-12	2e-12	2e-12
*26/*33	2e-12	2e-12	2e-12	4e-10	2e-12	2e-12	2e-12	2e-12	2e-12
*26/*34	2e-12	2e-12	2e-12	2e-12	2e-12	2e-12	2e-12	2e-12	2e-12
*26/*35	3.18e-08	2e-12	2e-12	2e-12	2e-12	2e-12	2e-12	2e-12	6.419999999999999e-08
*26/*36	2e-12	2e-12	2e-12	2e-12	2e-12	2e-12	2e-12	2e-12	2e-12
*26/*37	2e-12	2e-12	2e-12	2e-12	2e-12	2e-12	2e-12	2e-12	2e-12
*26/*38	1.4832e-06	1.6604e-06	1.308e-06	1.3025999999999998e-06	1.5134e-06	1.6056e-06	1.6748e-06	4.9e-07	1.6581999999999999e-06
*26/*39	2e-12	2e-12	2e-12	2e-12	2e-12	2e-12	2e-12	2e-12	2e-12
*26/*4	2e-12	2e-12	2e-12	4e-10	4.6e-09	1e-09	2e-12	2e-12	2e-12
*26/*5	2e-12	2e-12	2e-12	6.4e-09	2e-10	2e-12	2e-12	2e-12	2e-12
*26/*6	2e-12	2e-12	2e-12	1.1999999999999998e-09	5.999999999999999e-10	2e-12	2e-12	2e-12	2e-12
*26/*7	2e-12	2e-12	2e-12	2e-10	2e-12	2e-12	2e-12	2e-12	2e-12
*26/*8	2.2e-09	2e-12	2e-12	2e-12	6.8e-09	2.5999999999999997e-09	2e-12	2e-12	2e-12
*26/*9	2.8599999999999998e-08	2e-12	2e-12	2e-10	1.4e-09	1.6e-09	2e-12	2e-12	5.3999999999999994e-08
*28/*28	1e-12	1e-12	1e-12	1e-12	1e-12	1e-12	1e-12	1e-12	1.3690000000000001e-05
*28/*29	2e-12	2e-12	2e-12	4e-10	2e-12	2e-12	2e-12	2e-12	7.4e-09
*28/*3	5.6e-09	8e-10	3.1399999999999997e-08	1.45e-07	3.2e-09	1.6e-09	3.3e-08	2.928e-07	1.9980000000000002e-05
*28/*30	2e-12	2e-12	2e-12	4e-10	2e-12	2e-12	2e-12	2e-12	7.4e-09
*28/*31	2e-12	2e-12	2e-12	4e-10	2e-12	2e-12	2e-12	2e-12	7.4e-09
*28/*32	2e-12	2e-12	2e-12	4e-10	2e-12	2e-12	2e-12	2e-12	7.4e-09
*28/*33	2e-12	2e-12	2e-12	4e-10	2e-12	2e-12	2e-12	2e-12	7.4e-09
*28/*34	2e-12	2e-12	2e-12	2e-12	2e-12	2e-12	2e-12	2e-12	7.4e-09
*28/*35	3.18e-08	2e-12	2e-12	2e-12	2e-12	2e-12	2e-12	2e-12	0.00023753999999999998
*28/*36	2e-12	2e-12	2e-12	2e-12	2e-12	2e-12	2e-12	2e-12	7.4e-09
*28/*37	2e-12	2e-12	2e-12	2e-12	2e-12	2e-12	2e-12	2e-12	7.4e-09
*28/*38	1.4832e-06	1.6604e-06	1.308e-06	1.3025999999999998e-06	1.5134e-06	1.6056e-06	1.6748e-06	4.9e-07	0.0061353399999999995
*28/*39	2e-12	2e-12	2e-12	2e-12	2e-12	2e-12	2e-12	2e-12	7.4e-09
*28/*4	2e-12	2e-12	2e-12	4e-10	4.6e-09	1e-09	2e-12	2e-12	7.4e-09
*28/*5	2e-12	2e-12	2e-12	6.4e-09	2e-10	2e-12	2e-12	2e-12	7.4e-09
*28/*6	2e-12	2e-12	2e-12	1.1999999999999998e-09	5.999999999999999e-10	2e-12	2e-12	2e-12	7.4e-09
*28/*7	2e-12	2e-12	2e-12	2e-10	2e-12	2e-12	2e-12	2e-12	7.4e-09
*28/*8	2.2e-09	2e-12	2e-12	2e-12	6.8e-09	2.5999999999999997e-09	2e-12	2e-12	7.4e-09
*28/*9	2.8599999999999998e-08	2e-12	2e-12	2e-10	1.4e-09	1.6e-09	2e-12	2e-12	0.0001998
*29/*29	1e-12	1e-12	1e-12	4e-08	1e-12	1e-12	1e-12	1e-12	1e-12
*29/*3	5.6e-09	8e-10	3.1399999999999997e-08	2.9e-05	3.2e-09	1.6e-09	3.3e-08	2.928e-07	5.4e-09
*29/*30	2e-12	2e-12	2e-12	8e-08	2e-12	2e-12	2e-12	2e-12	2e-12
*29/*31	2e-12	2e-12	2e-12	8e-08	2e-12	2e-12	2e-12	2e-12	2e-12
*29/*32	2e-12	2e-12	2e-12	8e-08	2e-12	2e-12	2e-12	2e-12	2e-12
*29/*33	2e-12	2e-12	2e-12	8e-08	2e-12	2e-12	2e-12	2e-12	2e-12
*29/*34	2e-12	2e-12	2e-12	4e-10	2e-12	2e-12	2e-12	2e-12	2e-12
*29/*35	3.18e-08	2e-12	2e-12	4e-10	2e-12	2e-12	2e-12	2e-12	6.419999999999999e-08
*29/*36	2e-12	2e-12	2e-12	4e-10	2e-12	2e-12	2e-12	2e-12	2e-12
*29/*37	2e-12	2e-12	2e-12	4e-10	2e-12	2e-12	2e-12	2e-12	2e-12
*29/*38	1.4832e-06	1.6604e-06	1.308e-06	0.00026052000000000003	1.5134e-06	1.6056e-06	1.6748e-06	4.9e-07	1.6581999999999999e-06
*29/*39	2e-12	2e-12	2e-12	4e-10	2e-12	2e-12	2e-12	2e-12	2e-12
*29/*4	2e-12	2e-12	2e-12	8e-08	4.6e-09	1e-09	2e-12	2e-12	2e-12
*29/*5	2e-12	2e-12	2e-12	1.28e-06	2e-10	2e-12	2e-12	2e-12	2e-12
*29/*6	2e-12	2e-12	2e-12	2.4e-07	5.999999999999999e-10	2e-12	2e-12	2e-12	2e-12
*29/*7	2e-12	2e-12	2e-12	4e-08	2e-12	2e-12	2e-12	2e-12	2e-12
*29/*8	2.2e-09	2e-12	2e-12	4e-10	6.8e-09	2.5999999999999997e-09	2e-12	2e-12	2e-12
*29/*9	2.8599999999999998e-08	2e-12	2e-12	4e-08	1.4e-09	1.6e-09	2e-12	2e-12	5.3999999999999994e-08
*3/*3	7.84e-06	1.6e-07	0.00024649	0.00525625	2.56e-06	6.4e-07	0.00027225000000000003	0.02143296	7.2900000000000005e-06
*3/*30	5.6e-09	8e-10	3.1399999999999997e-08	2.9e-05	3.2e-09	1.6e-09	3.3e-08	2.928e-07	5.4e-09
*3/*31	5.6e-09	8e-10	3.1399999999999997e-08	2.9e-05	3.2e-09	1.6e-09	3.3e-08	2.928e-07	5.4e-09
*3/*32	5.6e-09	8e-10	3.1399999999999997e-08	2.9e-05	3.2e-09	1.6e-09	3.3e-08	2.928e-07	5.4e-09
*3/*33	5.6e-09	8e-10	3.1399999999999997e-08	2.9e-05	3.2e-09	1.6e-09	3.3e-08	2.928e-07	5.4e-09
*3/*34	5.6e-09	8e-10	3.1399999999999997e-08	1.45e-07	3.2e-09	1.6e-09	3.3e-08	2.928e-07	5.4e-09
*3/*35	8.904e-05	8e-10	3.1399999999999997e-08	1.45e-07	3.2e-09	1.6e-09	3.3e-08	2.928e-07	0.00017334
*3/*36	5.6e-09	8e-10	3.1399999999999997e-08	1.45e-07	3.2e-09	1.6e-09	3.3e-08	2.928e-07	5.4e-09
*3/*37	5.6e-09	8e-10	3.1399999999999997e-08	1.45e-07	3.2e-09	1.6e-09	3.3e-08	2.928e-07	5.4e-09
*3/*38	0.00415296	0.0006641600000000001	0.020535599999999998	0.0944385	0.0024214400000000004	0.00128448	0.0276342	0.071736	0.00447714
*3/*39	5.6e-09	8e-10	3.1399999999999997e-08	1.45e-07	3.2e-09	1.6e-09	3.3e-08	2.928e-07	5.4e-09
*3/*4	5.6e-09	8e-10	3.1399999999999997e-08	2.9e-05	7.36e-06	8.000000000000001e-07	3.3e-08	2.928e-07	5.4e-09
*3/*5	5.6e-09	8e-10	3.1399999999999997e-08	0.000464	3.2e-07	1.6e-09	3.3e-08	2.928e-07	5.4e-09
*3/*6	5.6e-09	8e-10	3.1399999999999997e-08	8.699999999999999e-05	9.6e-07	1.6e-09	3.3e-08	2.928e-07	5.4e-09
*3/*7	5.6e-09	8e-10	3.1399999999999997e-08	1.45e-05	3.2e-09	1.6e-09	3.3e-08	2.928e-07	5.4e-09
*3/*8	6.16e-06	8e-10	3.1399999999999997e-08	1.45e-07	1.088e-05	2.08e-06	3.3e-08	2.928e-07	5.4e-09
*3/*9	8.008e-05	8e-10	3.1399999999999997e-08	1.45e-05	2.24e-06	1.28e-06	3.3e-08	2.928e-07	0.0001458
*30/*30	1e-12	1e-12	1e-12	4e-08	1e-12	1e-12	1e-12	1e-12	1e-12
*30/*31	2e-12	2e-12	2e-12	8e-08	2e-12	2e-12	2e-12	2e-12	2e-12
*30/*32	2e-12	2e-12	2e-12	8e-08	2e-12	2e-12	2e-12	2e-12	2e-12
*30/*33	2e-12	2e-12	2e-12	8e-08	2e-12	2e-12	2e-12	2e-12	2e-12
*30/*34	2e-12	2e-12	2e-12	4e-10	2e-12	2e-12	2e-12	2e-12	2e-12
*30/*35	3.18e-08	2e-12	2e-12	4e-10	2e-12	2e-12	2e-12	2e-12	6.419999999999999e-08
*30/*36	2e-12	2e-12	2e-12	4e-10	2e-12	2e-12	2e-12	2e-12	2e-12
*30/*37	2e-12	2e-12	2e-12	4e-10	2e-12	2e-12	2e-12	2e-12	2e-12
*30/*38	1.4832e-06	1.6604e-06	1.308e-06	0.00026052000000000003	1.5134e-06	1.6056e-06	1.6748e-06	4.9e-07	1.6581999999999999e-06
*30/*39	2e-12	2e-12	2e-12	4e-10	2e-12	2e-12	2e-12	2e-12	2e-12
*30/*4	2e-12	2e-12	2e-12	8e-08	4.6e-09	1e-09	2e-12	2e-12	2e-12
*30/*5	2e-12	2e-12	2e-12	1.28e-06	2e-10	2e-12	2e-12	2e-12	2e-12
*30/*6	2e-12	2e-12	2e-12	2.4e-07	5.999999999999999e-10	2e-12	2e-12	2e-12	2e-12
*30/*7	2e-12	2e-12	2e-12	4e-08	2e-12	2e-12	2e-12	2e-12	2e-12
*30/*8	2.2e-09	2e-12	2e-12	4e-10	6.8e-09	2.5999999999999997e-09	2e-12	2e-12	2e-12
*30/*9	2.8599999999999998e-08	2e-12	2e-12	4e-08	1.4e-09	1.6e-09	2e-12	2e-12	5.3999999999999994e-08
*31/*31	1e-12	1e-12	1e-12	4e-08	1e-12	1e-12	1e-12	1e-12	1e-12
*31/*32	2e-12	2e-12	2e-12	8e-08	2e-12	2e-12	2e-12	2e-12	2e-12
*31/*33	2e-12	2e-12	2e-12	8e-08	2e-12	2e-12	2e-12	2e-12	2e-12
*31/*34	2e-12	2e-12	2e-12	4e-10	2e-12	2e-12	2e-12	2e-12	2e-12
*31/*35	3.18e-08	2e-12	2e-12	4e-10	2e-12	2e-12	2e-12	2e-12	6.419999999999999e-08
*31/*36	2e-12	2e-12	2e-12	4e-10	2e-12	2e-12	2e-12	2e-12	2e-12
*31/*37	2e-12	2e-12	2e-12	4e-10	2e-12	2e-12	2e-12	2e-12	2e-12
*31/*38	1.4832e-06	1.6604e-06	1.308e-06	0.00026052000000000003	1.5134e-06	1.6056e-06	1.6748e-06	4.9e-07	1.6581999999999999e-06
*31/*39	2e-12	2e-12	2e-12	4e-10	2e-12	2e-12	2e-12	2e-12	2e-12
*31/*4	2e-12	2e-12	2e-12	8e-08	4.6e-09	1e-09	2e-12	2e-12	2e-12
*31/*5	2e-12	2e-12	2e-12	1.28e-06	2e-10	2e-12	2e-12	2e-12	2e-12
*31/*6	2e-12	2e-12	2e-12	2.4e-07	5.999999999999999e-10	2e-12	2e-12	2e-12	2e-12
*31/*7	2e-12	2e-12	2e-12	4e-08	2e-12	2e-12	2e-12	2e-12	2e-12
*31/*8	2.2e-09	2e-12	2e-12	4e-10	6.8e-09	2.5999999999999997e-09	2e-12	2e-12	2e-12
*31/*9	2.8599999999999998e-08	2e-12	2e-12	4e-08	1.4e-09	1.6e-09	2e-12	2e-12	5.3999999999999994e-08
*32/*32	1e-12	1e-12	1e-12	4e-08	1e-12	1e-12	1e-12	1e-12	1e-12
*32/*33	2e-12	2e-12	2e-12	8e-08	2e-12	2e-12	2e-12	2e-12	2e-12
*32/*34	2e-12	2e-12	2e-12	4e-10	2e-12	2e-12	2e-12	2e-12	2e-12
*32/*35	3.18e-08	2e-12	2e-12	4e-10	2e-12	2e-12	2e-12	2e-12	6.419999999999999e-08
*32/*36	2e-12	2e-12	2e-12	4e-10	2e-12	2e-12	2e-12	2e-12	2e-12
*32/*37	2e-12	2e-12	2e-12	4e-10	2e-12	2e-12	2e-12	2e-12	2e-12
*32/*38	1.4832e-06	1.6604e-06	1.308e-06	0.00026052000000000003	1.5134e-06	1.6056e-06	1.6748e-06	4.9e-07	1.6581999999999999e-06
*32/*39	2e-12	2e-12	2e-12	4e-10	2e-12	2e-12	2e-12	2e-12	2e-12
*32/*4	2e-12	2e-12	2e-12	8e-08	4.6e-09	1e-09	2e-12	2e-12	2e-12
*32/*5	2e-12	2e-12	2e-12	1.28e-06	2e-10	2e-12	2e-12	2e-12	2e-12
*32/*6	2e-12	2e-12	2e-12	2.4e-07	5.999999999999999e-10	2e-12	2e-12	2e-12	2e-12
*32/*7	2e-12	2e-12	2e-12	4e-08	2e-12	2e-12	2e-12	2e-12	2e-12
*32/*8	2.2e-09	2e-12	2e-12	4e-10	6.8e-09	2.5999999999999997e-09	2e-12	2e-12	2e-12
*32/*9	2.8599999999999998e-08	2e-12	2e-12	4e-08	1.4e-09	1.6e-09	2e-12	2e-12	5.3999999999999994e-08
*33/*33	1e-12	1e-12	1e-12	4e-08	1e-12	1e-12	1e-12	1e-12	1e-12
*33/*34	2e-12	2e-12	2e-12	4e-10	2e-12	2e-12	2e-12	2e-12	2e-12
*33/*35	3.18e-08	2e-12	2e-12	4e-10	2e-12	2e-12	2e-12	2e-12	6.419999999999999e-08
*33/*36	2e-12	2e-12	2e-12	4e-10	2e-12	2e-12	2e-12	2e-12	2e-12
*33/*37	2e-12	2e-12	2e-12	4e-10	2e-12	2e-12	2e-12	2e-12	2e-12
*33/*38	1.4832e-06	1.6604e-06	1.308e-06	0.00026052000000000003	1.5134e-06	1.6056e-06	1.6748e-06	4.9e-07	1.6581999999999999e-06
*33/*39	2e-12	2e-12	2e-12	4e-10	2e-12	2e-12	2e-12	2e-12	2e-12
*33/*4	2e-12	2e-12	2e-12	8e-08	4.6e-09	1e-09	2e-12	2e-12	2e-12
*33/*5	2e-12	2e-12	2e-12	1.28e-06	2e-10	2e-12	2e-12	2e-12	2e-12
*33/*6	2e-12	2e-12	2e-12	2.4e-07	5.999999999999999e-10	2e-12	2e-12	2e-12	2e-12
*33/*7	2e-12	2e-12	2e-12	4e-08	2e-12	2e-12	2e-12	2e-12	2e-12
*33/*8	2.2e-09	2e-12	2e-12	4e-10	6.8e-09	2.5999999999999997e-09	2e-12	2e-12	2e-12
*33/*9	2.8599999999999998e-08	2e-12	2e-12	4e-08	1.4e-09	1.6e-09	2e-12	2e-12	5.3999999999999994e-08
*34/*34	1e-12	1e-12	1e-12	1e-12	1e-12	1e-12	1e-12	1e-12	1e-12
*34/*35	3.18e-08	2e-12	2e-12	2e-12	2e-12	2e-12	2e-12	2e-12	6.419999999999999e-08
*34/*36	2e-12	2e-12	2e-12	2e-12	2e-12	2e-12	2e-12	2e-12	2e-12
*34/*37	2e-12	2e-12	2e-12	2e-12	2e-12	2e-12	2e-12	2e-12	2e-12
*34/*38	1.4832e-06	1.6604e-06	1.308e-06	1.3025999999999998e-06	1.5134e-06	1.6056e-06	1.6748e-06	4.9e-07	1.6581999999999999e-06
*34/*39	2e-12	2e-12	2e-12	2e-12	2e-12	2e-12	2e-12	2e-12	2e-12
*34/*4	2e-12	2e-12	2e-12	4e-10	4.6e-09	1e-09	2e-12	2e-12	2e-12
*34/*5	2e-12	2e-12	2e-12	6.4e-09	2e-10	2e-12	2e-12	2e-12	2e-12
*34/*6	2e-12	2e-12	2e-12	1.1999999999999998e-09	5.999999999999999e-10	2e-12	2e-12	2e-12	2e-12
*34/*7	2e-12	2e-12	2e-12	2e-10	2e-12	2e-12	2e-12	2e-12	2e-12
*34/*8	2.2e-09	2e-12	2e-12	2e-12	6.8e-09	2.5999999999999997e-09	2e-12	2e-12	2e-12
*34/*9	2.8599999999999998e-08	2e-12	2e-12	2e-10	1.4e-09	1.6e-09	2e-12	2e-12	5.3999999999999994e-08
*35/*35	0.00025281	1e-12	1e-12	1e-12	1e-12	1e-12	1e-12	1e-12	0.0010304099999999998
*35/*36	3.18e-08	2e-12	2e-12	2e-12	2e-12	2e-12	2e-12	2e-12	6.419999999999999e-08
*35/*37	3.18e-08	2e-12	2e-12	2e-12	2e-12	2e-12	2e-12	2e-12	6.419999999999999e-08
*35/*38	0.023582880000000004	1.6604e-06	1.308e-06	1.3025999999999998e-06	1.5134e-06	1.6056e-06	1.6748e-06	4.9e-07	0.05322821999999999
*35/*39	3.18e-08	2e-12	2e-12	2e-12	2e-12	2e-12	2e-12	2e-12	6.419999999999999e-08
*35/*4	3.18e-08	2e-12	2e-12	4e-10	4.6e-09	1e-09	2e-12	2e-12	6.419999999999999e-08
*35/*5	3.18e-08	2e-12	2e-12	6.4e-09	2e-10	2e-12	2e-12	2e-12	6.419999999999999e-08
*35/*6	3.18e-08	2e-12	2e-12	1.1999999999999998e-09	5.999999999999999e-10	2e-12	2e-12	2e-12	6.419999999999999e-08
*35/*7	3.18e-08	2e-12	2e-12	2e-10	2e-12	2e-12	2e-12	2e-12	6.419999999999999e-08
*35/*8	3.498000000000001e-05	2e-12	2e-12	2e-12	6.8e-09	2.5999999999999997e-09	2e-12	2e-12	6.419999999999999e-08
*35/*9	0.00045474	2e-12	2e-12	2e-10	1.4e-09	1.6e-09	2e-12	2e-12	0.0017333999999999997
*36/*36	1e-12	1e-12	1e-12	1e-12	1e-12	1e-12	1e-12	1e-12	1e-12
*36/*37	2e-12	2e-12	2e-12	2e-12	2e-12	2e-12	2e-12	2e-12	2e-12
*36/*38	1.4832e-06	1.6604e-06	1.308e-06	1.3025999999999998e-06	1.5134e-06	1.6056e-06	1.6748e-06	4.9e-07	1.6581999999999999e-06
*36/*39	2e-12	2e-12	2e-12	2e-12	2e-12	2e-12	2e-12	2e-12	2e-12
*36/*4	2e-12	2e-12	2e-12	4e-10	4.6e-09	1e-09	2e-12	2e-12	2e-12
*36/*5	2e-12	2e-12	2e-12	6.4e-09	2e-10	2e-12	2e-12	2e-12	2e-12
*36/*6	2e-12	2e-12	2e-12	1.1999999999999998e-09	5.999999999999999e-10	2e-12	2e-12	2e-12	2e-12
*36/*7	2e-12	2e-12	2e-12	2e-10	2e-12	2e-12	2e-12	2e-12	2e-12
*36/*8	2.2e-09	2e-12	2e-12	2e-12	6.8e-09	2.5999999999999997e-09	2e-12	2e-12	2e-12
*36/*9	2.8599999999999998e-08	2e-12	2e-12	2e-10	1.4e-09	1.6e-09	2e-12	2e-12	5.3999999999999994e-08
*37/*37	1e-12	1e-12	1e-12	1e-12	1e-12	1e-12	1e-12	1e-12	1e-12
*37/*38	1.4832e-06	1.6604e-06	1.308e-06	1.3025999999999998e-06	1.5134e-06	1.6056e-06	1.6748e-06	4.9e-07	1.6581999999999999e-06
*37/*39	2e-12	2e-12	2e-12	2e-12	2e-12	2e-12	2e-12	2e-12	2e-12
*37/*4	2e-12	2e-12	2e-12	4e-10	4.6e-09	1e-09	2e-12	2e-12	2e-12
*37/*5	2e-12	2e-12	2e-12	6.4e-09	2e-10	2e-12	2e-12	2e-12	2e-12
*37/*6	2e-12	2e-12	2e-12	1.1999999999999998e-09	5.999999999999999e-10	2e-12	2e-12	2e-12	2e-12
*37/*7	2e-12	2e-12	2e-12	2e-10	2e-12	2e-12	2e-12	2e-12	2e-12
*37/*8	2.2e-09	2e-12	2e-12	2e-12	6.8e-09	2.5999999999999997e-09	2e-12	2e-12	2e-12
*37/*9	2.8599999999999998e-08	2e-12	2e-12	2e-10	1.4e-09	1.6e-09	2e-12	2e-12	5.3999999999999994e-08
*38/*38	0.5499705600000001	0.68923204	0.42771600000000004	0.42419169	0.5725948900000001	0.6444878399999999	0.7012387600000001	0.060024999999999995	0.6874068099999999
*38/*39	1.4832e-06	1.6604e-06	1.308e-06	1.3025999999999998e-06	1.5134e-06	1.6056e-06	1.6748e-06	4.9e-07	1.6581999999999999e-06
*38/*4	1.4832e-06	1.6604e-06	1.308e-06	0.00026052000000000003	0.00348082	0.0008028	1.6748e-06	4.9e-07	1.6581999999999999e-06
*38/*5	1.4832e-06	1.6604e-06	1.308e-06	0.0041683200000000005	0.00015134000000000002	1.6056e-06	1.6748e-06	4.9e-07	1.6581999999999999e-06
*38/*6	1.4832e-06	1.6604e-06	1.308e-06	0.0007815599999999999	0.00045401999999999997	1.6056e-06	1.6748e-06	4.9e-07	1.6581999999999999e-06
*38/*7	1.4832e-06	1.6604e-06	1.308e-06	0.00013026000000000002	1.5134e-06	1.6056e-06	1.6748e-06	4.9e-07	1.6581999999999999e-06
*38/*8	0.0016315200000000002	1.6604e-06	1.308e-06	1.3025999999999998e-06	0.00514556	0.00208728	1.6748e-06	4.9e-07	1.6581999999999999e-06
*38/*9	0.02120976	1.6604e-06	1.308e-06	0.00013026000000000002	0.00105938	0.00128448	1.6748e-06	4.9e-07	0.044771399999999996
*39/*39	1e-12	1e-12	1e-12	1e-12	1e-12	1e-12	1e-12	1e-12	1e-12
*39/*4	2e-12	2e-12	2e-12	4e-10	4.6e-09	1e-09	2e-12	2e-12	2e-12
*39/*5	2e-12	2e-12	2e-12	6.4e-09	2e-10	2e-12	2e-12	2e-12	2e-12
*39/*6	2e-12	2e-12	2e-12	1.1999999999999998e-09	5.999999999999999e-10	2e-12	2e-12	2e-12	2e-12
*39/*7	2e-12	2e-12	2e-12	2e-10	2e-12	2e-12	2e-12	2e-12	2e-12
*39/*8	2.2e-09	2e-12	2e-12	2e-12	6.8e-09	2.5999999999999997e-09	2e-12	2e-12	2e-12
*39/*9	2.8599999999999998e-08	2e-12	2e-12	2e-10	1.4e-09	1.6e-09	2e-12	2e-12	5.3999999999999994e-08
*4/*4	1e-12	1e-12	1e-12	4e-08	5.29e-06	2.5e-07	1e-12	1e-12	1e-12
*4/*5	2e-12	2e-12	2e-12	1.28e-06	4.6e-07	1e-09	2e-12	2e-12	2e-12
*4/*6	2e-12	2e-12	2e-12	2.4e-07	1.38e-06	1e-09	2e-12	2e-12	2e-12
*4/*7	2e-12	2e-12	2e-12	4e-08	4.6e-09	1e-09	2e-12	2e-12	2e-12
*4/*8	2.2e-09	2e-12	2e-12	4e-10	1.564e-05	1.3e-06	2e-12	2e-12	2e-12
*4/*9	2.8599999999999998e-08	2e-12	2e-12	4e-08	3.22e-06	8.000000000000001e-07	2e-12	2e-12	5.3999999999999994e-08
*5/*5	1e-12	1e-12	1e-12	1.024e-05	1e-08	1e-12	1e-12	1e-12	1e-12
*5/*6	2e-12	2e-12	2e-12	3.84e-06	6e-08	2e-12	2e-12	2e-12	2e-12
*5/*7	2e-12	2e-12	2e-12	6.4e-07	2e-10	2e-12	2e-12	2e-12	2e-12
*5/*8	2.2e-09	2e-12	2e-12	6.4e-09	6.8e-07	2.5999999999999997e-09	2e-12	2e-12	2e-12
*5/*9	2.8599999999999998e-08	2e-12	2e-12	6.4e-07	1.4e-07	1.6e-09	2e-12	2e-12	5.3999999999999994e-08
*6/*6	1e-12	1e-12	1e-12	3.5999999999999994e-07	8.999999999999999e-08	1e-12	1e-12	1e-12	1e-12
*6/*7	2e-12	2e-12	2e-12	1.2e-07	5.999999999999999e-10	2e-12	2e-12	2e-12	2e-12
*6/*8	2.2e-09	2e-12	2e-12	1.1999999999999998e-09	2.0399999999999995e-06	2.5999999999999997e-09	2e-12	2e-12	2e-12
*6/*9	2.8599999999999998e-08	2e-12	2e-12	1.2e-07	4.1999999999999995e-07	1.6e-09	2e-12	2e-12	5.3999999999999994e-08
*7/*7	1e-12	1e-12	1e-12	1e-08	1e-12	1e-12	1e-12	1e-12	1e-12
*7/*8	2.2e-09	2e-12	2e-12	2e-10	6.8e-09	2.5999999999999997e-09	2e-12	2e-12	2e-12
*7/*9	2.8599999999999998e-08	2e-12	2e-12	2e-08	1.4e-09	1.6e-09	2e-12	2e-12	5.3999999999999994e-08
*8/*8	1.21e-06	1e-12	1e-12	1e-12	1.156e-05	1.69e-06	1e-12	1e-12	1e-12
*8/*9	3.146e-05	2e-12	2e-12	2e-10	4.759999999999999e-06	2.08e-06	2e-12	2e-12	5.3999999999999994e-08
*9/*9	0.00020449000000000002	1e-12	1e-12	1e-08	4.9e-07	6.4e-07	1e-12	1e-12	0.0007289999999999999
