CYP3A4_allele	African_American_Afro_Caribbean	American	Central_South_Asian	East_Asian	European	Latino	Near_Eastern	Oceanian	Sub_Saharan_African
*1/*1	0.7698472113378907	1e-12	0.9283141844628907	0.9923272744140624	0.957511175625	0.8340598097265625	1e-12	1e-12	1e-12
*1/*10	0.26287184874999997	2e-12	0.005973641875	0.00796925	0.00978525	0.0025571524999999998	2e-12	2e-12	2e-12
*1/*11	0.001403855	2e-12	0.076886551875	0.00796925	0.00195705	0.19215174499999998	2e-12	2e-12	2e-12
*1/*12	0.00666831125	2e-12	0.076886551875	0.00796925	0.054405989999999994	0.0025571524999999998	2e-12	2e-12	2e-12
*1/*13	0.26287184874999997	2e-12	0.076886551875	0.00796925	0.054405989999999994	0.19215174499999998	2e-12	2e-12	2e-12
*1/*14	0.26287184874999997	2e-12	0.076886551875	0.00796925	0.054405989999999994	0.19215174499999998	2e-12	2e-12	2e-12
*1/*15	0.03053384625	2e-12	0.076886551875	0.00796925	0.00195705	0.00529695875	2e-12	2e-12	2e-12
*1/*16	0.26287184874999997	2e-12	0.076886551875	0.00796925	0.054405989999999994	0.19215174499999998	2e-12	2e-12	2e-12
*1/*17	0.26287184874999997	2e-12	0.076886551875	0.00796925	0.054405989999999994	0.19215174499999998	2e-12	2e-12	2e-12
*1/*18	0.26287184874999997	2e-12	0.076886551875	0.00796925	0.054405989999999994	0.19215174499999998	2e-12	2e-12	2e-12
*1/*19	0.26287184874999997	2e-12	0.0038539625000000004	0.00796925	0.054405989999999994	0.19215174499999998	2e-12	2e-12	2e-12
*1/*1G	0.411504996875	2e-12	0.71529544	0.5337405187500001	0.159499575	0.7185598525	2e-12	2e-12	2e-12
*1/*2	0.26287184874999997	2e-12	0.076886551875	0.00796925	0.0039141	0.19215174499999998	2e-12	2e-12	2e-12
*1/*20	0.26287184874999997	2e-12	0.076886551875	0.00796925	0.054405989999999994	0.19215174499999998	2e-12	2e-12	2e-12
*1/*21	0.26287184874999997	2e-12	0.076886551875	0.0019923125	0.054405989999999994	0.19215174499999998	2e-12	2e-12	2e-12
*1/*22	0.001403855	2e-12	0.011754585625000001	0.00796925	0.054405989999999994	0.04730732125	2e-12	2e-12	2e-12
*1/*23	0.007896684374999999	2e-12	0.076886551875	0.00796925	0.054405989999999994	0.19215174499999998	2e-12	2e-12	2e-12
*1/*24	0.26287184874999997	2e-12	0.076886551875	0.00796925	0.054405989999999994	0.19215174499999998	2e-12	2e-12	2e-12
*1/*26	0.26287184874999997	2e-12	0.076886551875	0.00796925	0.054405989999999994	0.19215174499999998	2e-12	2e-12	2e-12
*1/*28	0.26287184874999997	2e-12	0.076886551875	0.00796925	0.054405989999999994	0.19215174499999998	2e-12	2e-12	2e-12
*1/*29	0.26287184874999997	2e-12	0.076886551875	0.00796925	0.054405989999999994	0.19215174499999998	2e-12	2e-12	2e-12
*1/*3	0.001403855	2e-12	0.076886551875	0.00796925	0.01369935	0.013151069999999999	2e-12	2e-12	2e-12
*1/*30	0.26287184874999997	2e-12	0.076886551875	0.00796925	0.054405989999999994	0.19215174499999998	2e-12	2e-12	2e-12
*1/*31	0.26287184874999997	2e-12	0.076886551875	0.00796925	0.054405989999999994	0.19215174499999998	2e-12	2e-12	2e-12
*1/*32	0.26287184874999997	2e-12	0.076886551875	0.00796925	0.054405989999999994	0.19215174499999998	2e-12	2e-12	2e-12
*1/*33	0.26287184874999997	2e-12	0.076886551875	0.00796925	0.054405989999999994	0.19215174499999998	2e-12	2e-12	2e-12
*1/*34	0.26287184874999997	2e-12	0.076886551875	0.00796925	0.054405989999999994	0.19215174499999998	2e-12	2e-12	2e-12
*1/*35	0.26287184874999997	2e-12	0.076886551875	0.00796925	0.00195705	0.19215174499999998	2e-12	2e-12	2e-12
*1/*4	0.26287184874999997	2e-12	0.076886551875	0.00796925	0.054405989999999994	0.19215174499999998	2e-12	2e-12	2e-12
*1/*5	0.26287184874999997	2e-12	0.076886551875	0.003984625	0.054405989999999994	0.19215174499999998	2e-12	2e-12	2e-12
*1/*6	0.26287184874999997	2e-12	0.076886551875	0.00796925	0.054405989999999994	0.19215174499999998	2e-12	2e-12	2e-12
*1/*7	0.26287184874999997	2e-12	0.076886551875	0.00796925	0.0039141	0.19215174499999998	2e-12	2e-12	2e-12
*1/*8	0.26287184874999997	2e-12	0.076886551875	0.00796925	0.00195705	0.19215174499999998	2e-12	2e-12	2e-12
*1/*9	0.26287184874999997	2e-12	0.076886551875	0.00796925	0.054405989999999994	0.0025571524999999998	2e-12	2e-12	2e-12
*10/*10	0.022440039999999998	1e-12	9.61e-06	1.6e-05	2.5e-05	1.96e-06	1e-12	1e-12	1e-12
*10/*11	0.00023967999999999998	2e-12	0.00024737999999999995	3.2e-05	1e-05	0.00029456	2e-12	2e-12	2e-12
*10/*12	0.0011384799999999999	2e-12	0.00024737999999999995	3.2e-05	0.000278	3.92e-06	2e-12	2e-12	2e-12
*10/*13	0.044880079999999996	2e-12	0.00024737999999999995	3.2e-05	0.000278	0.00029456	2e-12	2e-12	2e-12
*10/*14	0.044880079999999996	2e-12	0.00024737999999999995	3.2e-05	0.000278	0.00029456	2e-12	2e-12	2e-12
*10/*15	0.0052130399999999995	2e-12	0.00024737999999999995	3.2e-05	1e-05	8.12e-06	2e-12	2e-12	2e-12
*10/*16	0.044880079999999996	2e-12	0.00024737999999999995	3.2e-05	0.000278	0.00029456	2e-12	2e-12	2e-12
*10/*17	0.044880079999999996	2e-12	0.00024737999999999995	3.2e-05	0.000278	0.00029456	2e-12	2e-12	2e-12
*10/*18	0.044880079999999996	2e-12	0.00024737999999999995	3.2e-05	0.000278	0.00029456	2e-12	2e-12	2e-12
*10/*19	0.044880079999999996	2e-12	1.24e-05	3.2e-05	0.000278	0.00029456	2e-12	2e-12	2e-12
*10/*1G	0.07025619999999999	2e-12	0.0023014399999999996	0.0021432	0.0008150000000000001	0.0011015200000000001	2e-12	2e-12	2e-12
*10/*2	0.044880079999999996	2e-12	0.00024737999999999995	3.2e-05	2e-05	0.00029456	2e-12	2e-12	2e-12
*10/*20	0.044880079999999996	2e-12	0.00024737999999999995	3.2e-05	0.000278	0.00029456	2e-12	2e-12	2e-12
*10/*21	0.044880079999999996	2e-12	0.00024737999999999995	8e-06	0.000278	0.00029456	2e-12	2e-12	2e-12
*10/*22	0.00023967999999999998	2e-12	3.782e-05	3.2e-05	0.000278	7.252e-05	2e-12	2e-12	2e-12
*10/*23	0.0013481999999999997	2e-12	0.00024737999999999995	3.2e-05	0.000278	0.00029456	2e-12	2e-12	2e-12
*10/*24	0.044880079999999996	2e-12	0.00024737999999999995	3.2e-05	0.000278	0.00029456	2e-12	2e-12	2e-12
*10/*26	0.044880079999999996	2e-12	0.00024737999999999995	3.2e-05	0.000278	0.00029456	2e-12	2e-12	2e-12
*10/*28	0.044880079999999996	2e-12	0.00024737999999999995	3.2e-05	0.000278	0.00029456	2e-12	2e-12	2e-12
*10/*29	0.044880079999999996	2e-12	0.00024737999999999995	3.2e-05	0.000278	0.00029456	2e-12	2e-12	2e-12
*10/*3	0.00023967999999999998	2e-12	0.00024737999999999995	3.2e-05	7.000000000000001e-05	2.016e-05	2e-12	2e-12	2e-12
*10/*30	0.044880079999999996	2e-12	0.00024737999999999995	3.2e-05	0.000278	0.00029456	2e-12	2e-12	2e-12
*10/*31	0.044880079999999996	2e-12	0.00024737999999999995	3.2e-05	0.000278	0.00029456	2e-12	2e-12	2e-12
*10/*32	0.044880079999999996	2e-12	0.00024737999999999995	3.2e-05	0.000278	0.00029456	2e-12	2e-12	2e-12
*10/*33	0.044880079999999996	2e-12	0.00024737999999999995	3.2e-05	0.000278	0.00029456	2e-12	2e-12	2e-12
*10/*34	0.044880079999999996	2e-12	0.00024737999999999995	3.2e-05	0.000278	0.00029456	2e-12	2e-12	2e-12
*10/*35	0.044880079999999996	2e-12	0.00024737999999999995	3.2e-05	1e-05	0.00029456	2e-12	2e-12	2e-12
*10/*4	0.044880079999999996	2e-12	0.00024737999999999995	3.2e-05	0.000278	0.00029456	2e-12	2e-12	2e-12
*10/*5	0.044880079999999996	2e-12	0.00024737999999999995	1.6e-05	0.000278	0.00029456	2e-12	2e-12	2e-12
*10/*6	0.044880079999999996	2e-12	0.00024737999999999995	3.2e-05	0.000278	0.00029456	2e-12	2e-12	2e-12
*10/*7	0.044880079999999996	2e-12	0.00024737999999999995	3.2e-05	2e-05	0.00029456	2e-12	2e-12	2e-12
*10/*8	0.044880079999999996	2e-12	0.00024737999999999995	3.2e-05	1e-05	0.00029456	2e-12	2e-12	2e-12
*10/*9	0.044880079999999996	2e-12	0.00024737999999999995	3.2e-05	0.000278	3.92e-06	2e-12	2e-12	2e-12
*11/*11	6.4e-07	1e-12	0.0015920099999999998	1.6e-05	1e-06	0.01106704	1e-12	1e-12	1e-12
*11/*12	6.08e-06	2e-12	0.0031840199999999996	3.2e-05	5.5599999999999996e-05	0.00029456	2e-12	2e-12	2e-12
*11/*13	0.00023967999999999998	2e-12	0.0031840199999999996	3.2e-05	5.5599999999999996e-05	0.02213408	2e-12	2e-12	2e-12
*11/*14	0.00023967999999999998	2e-12	0.0031840199999999996	3.2e-05	5.5599999999999996e-05	0.02213408	2e-12	2e-12	2e-12
*11/*15	2.7839999999999998e-05	2e-12	0.0031840199999999996	3.2e-05	2e-06	0.00061016	2e-12	2e-12	2e-12
*11/*16	0.00023967999999999998	2e-12	0.0031840199999999996	3.2e-05	5.5599999999999996e-05	0.02213408	2e-12	2e-12	2e-12
*11/*17	0.00023967999999999998	2e-12	0.0031840199999999996	3.2e-05	5.5599999999999996e-05	0.02213408	2e-12	2e-12	2e-12
*11/*18	0.00023967999999999998	2e-12	0.0031840199999999996	3.2e-05	5.5599999999999996e-05	0.02213408	2e-12	2e-12	2e-12
*11/*19	0.00023967999999999998	2e-12	0.0001596	3.2e-05	5.5599999999999996e-05	0.02213408	2e-12	2e-12	2e-12
*11/*1G	0.0003752	2e-12	0.029621759999999997	0.0021432	0.000163	0.08277136	2e-12	2e-12	2e-12
*11/*2	0.00023967999999999998	2e-12	0.0031840199999999996	3.2e-05	4e-06	0.02213408	2e-12	2e-12	2e-12
*11/*20	0.00023967999999999998	2e-12	0.0031840199999999996	3.2e-05	5.5599999999999996e-05	0.02213408	2e-12	2e-12	2e-12
*11/*21	0.00023967999999999998	2e-12	0.0031840199999999996	8e-06	5.5599999999999996e-05	0.02213408	2e-12	2e-12	2e-12
*11/*22	1.28e-06	2e-12	0.00048678	3.2e-05	5.5599999999999996e-05	0.00544936	2e-12	2e-12	2e-12
*11/*23	7.2e-06	2e-12	0.0031840199999999996	3.2e-05	5.5599999999999996e-05	0.02213408	2e-12	2e-12	2e-12
*11/*24	0.00023967999999999998	2e-12	0.0031840199999999996	3.2e-05	5.5599999999999996e-05	0.02213408	2e-12	2e-12	2e-12
*11/*26	0.00023967999999999998	2e-12	0.0031840199999999996	3.2e-05	5.5599999999999996e-05	0.02213408	2e-12	2e-12	2e-12
*11/*28	0.00023967999999999998	2e-12	0.0031840199999999996	3.2e-05	5.5599999999999996e-05	0.02213408	2e-12	2e-12	2e-12
*11/*29	0.00023967999999999998	2e-12	0.0031840199999999996	3.2e-05	5.5599999999999996e-05	0.02213408	2e-12	2e-12	2e-12
*11/*3	1.28e-06	2e-12	0.0031840199999999996	3.2e-05	1.4e-05	0.00151488	2e-12	2e-12	2e-12
*11/*30	0.00023967999999999998	2e-12	0.0031840199999999996	3.2e-05	5.5599999999999996e-05	0.02213408	2e-12	2e-12	2e-12
*11/*31	0.00023967999999999998	2e-12	0.0031840199999999996	3.2e-05	5.5599999999999996e-05	0.02213408	2e-12	2e-12	2e-12
*11/*32	0.00023967999999999998	2e-12	0.0031840199999999996	3.2e-05	5.5599999999999996e-05	0.02213408	2e-12	2e-12	2e-12
*11/*33	0.00023967999999999998	2e-12	0.0031840199999999996	3.2e-05	5.5599999999999996e-05	0.02213408	2e-12	2e-12	2e-12
*11/*34	0.00023967999999999998	2e-12	0.0031840199999999996	3.2e-05	5.5599999999999996e-05	0.02213408	2e-12	2e-12	2e-12
*11/*35	0.00023967999999999998	2e-12	0.0031840199999999996	3.2e-05	2e-06	0.02213408	2e-12	2e-12	2e-12
*11/*4	0.00023967999999999998	2e-12	0.0031840199999999996	3.2e-05	5.5599999999999996e-05	0.02213408	2e-12	2e-12	2e-12
*11/*5	0.00023967999999999998	2e-12	0.0031840199999999996	1.6e-05	5.5599999999999996e-05	0.02213408	2e-12	2e-12	2e-12
*11/*6	0.00023967999999999998	2e-12	0.0031840199999999996	3.2e-05	5.5599999999999996e-05	0.02213408	2e-12	2e-12	2e-12
*11/*7	0.00023967999999999998	2e-12	0.0031840199999999996	3.2e-05	4e-06	0.02213408	2e-12	2e-12	2e-12
*11/*8	0.00023967999999999998	2e-12	0.0031840199999999996	3.2e-05	2e-06	0.02213408	2e-12	2e-12	2e-12
*11/*9	0.00023967999999999998	2e-12	0.0031840199999999996	3.2e-05	5.5599999999999996e-05	0.00029456	2e-12	2e-12	2e-12
*12/*12	1.444e-05	1e-12	0.0015920099999999998	1.6e-05	0.0007728399999999999	1.96e-06	1e-12	1e-12	1e-12
*12/*13	0.0011384799999999999	2e-12	0.0031840199999999996	3.2e-05	0.0015456799999999998	0.00029456	2e-12	2e-12	2e-12
*12/*14	0.0011384799999999999	2e-12	0.0031840199999999996	3.2e-05	0.0015456799999999998	0.00029456	2e-12	2e-12	2e-12
*12/*15	0.00013224	2e-12	0.0031840199999999996	3.2e-05	5.5599999999999996e-05	8.12e-06	2e-12	2e-12	2e-12
*12/*16	0.0011384799999999999	2e-12	0.0031840199999999996	3.2e-05	0.0015456799999999998	0.00029456	2e-12	2e-12	2e-12
*12/*17	0.0011384799999999999	2e-12	0.0031840199999999996	3.2e-05	0.0015456799999999998	0.00029456	2e-12	2e-12	2e-12
*12/*18	0.0011384799999999999	2e-12	0.0031840199999999996	3.2e-05	0.0015456799999999998	0.00029456	2e-12	2e-12	2e-12
*12/*19	0.0011384799999999999	2e-12	0.0001596	3.2e-05	0.0015456799999999998	0.00029456	2e-12	2e-12	2e-12
*12/*1G	0.0017821999999999998	2e-12	0.029621759999999997	0.0021432	0.0045314	0.0011015200000000001	2e-12	2e-12	2e-12
*12/*2	0.0011384799999999999	2e-12	0.0031840199999999996	3.2e-05	0.00011119999999999999	0.00029456	2e-12	2e-12	2e-12
*12/*20	0.0011384799999999999	2e-12	0.0031840199999999996	3.2e-05	0.0015456799999999998	0.00029456	2e-12	2e-12	2e-12
*12/*21	0.0011384799999999999	2e-12	0.0031840199999999996	8e-06	0.0015456799999999998	0.00029456	2e-12	2e-12	2e-12
*12/*22	6.08e-06	2e-12	0.00048678	3.2e-05	0.0015456799999999998	7.252e-05	2e-12	2e-12	2e-12
*12/*23	3.42e-05	2e-12	0.0031840199999999996	3.2e-05	0.0015456799999999998	0.00029456	2e-12	2e-12	2e-12
*12/*24	0.0011384799999999999	2e-12	0.0031840199999999996	3.2e-05	0.0015456799999999998	0.00029456	2e-12	2e-12	2e-12
*12/*26	0.0011384799999999999	2e-12	0.0031840199999999996	3.2e-05	0.0015456799999999998	0.00029456	2e-12	2e-12	2e-12
*12/*28	0.0011384799999999999	2e-12	0.0031840199999999996	3.2e-05	0.0015456799999999998	0.00029456	2e-12	2e-12	2e-12
*12/*29	0.0011384799999999999	2e-12	0.0031840199999999996	3.2e-05	0.0015456799999999998	0.00029456	2e-12	2e-12	2e-12
*12/*3	6.08e-06	2e-12	0.0031840199999999996	3.2e-05	0.0003892	2.016e-05	2e-12	2e-12	2e-12
*12/*30	0.0011384799999999999	2e-12	0.0031840199999999996	3.2e-05	0.0015456799999999998	0.00029456	2e-12	2e-12	2e-12
*12/*31	0.0011384799999999999	2e-12	0.0031840199999999996	3.2e-05	0.0015456799999999998	0.00029456	2e-12	2e-12	2e-12
*12/*32	0.0011384799999999999	2e-12	0.0031840199999999996	3.2e-05	0.0015456799999999998	0.00029456	2e-12	2e-12	2e-12
*12/*33	0.0011384799999999999	2e-12	0.0031840199999999996	3.2e-05	0.0015456799999999998	0.00029456	2e-12	2e-12	2e-12
*12/*34	0.0011384799999999999	2e-12	0.0031840199999999996	3.2e-05	0.0015456799999999998	0.00029456	2e-12	2e-12	2e-12
*12/*35	0.0011384799999999999	2e-12	0.0031840199999999996	3.2e-05	5.5599999999999996e-05	0.00029456	2e-12	2e-12	2e-12
*12/*4	0.0011384799999999999	2e-12	0.0031840199999999996	3.2e-05	0.0015456799999999998	0.00029456	2e-12	2e-12	2e-12
*12/*5	0.0011384799999999999	2e-12	0.0031840199999999996	1.6e-05	0.0015456799999999998	0.00029456	2e-12	2e-12	2e-12
*12/*6	0.0011384799999999999	2e-12	0.0031840199999999996	3.2e-05	0.0015456799999999998	0.00029456	2e-12	2e-12	2e-12
*12/*7	0.0011384799999999999	2e-12	0.0031840199999999996	3.2e-05	0.00011119999999999999	0.00029456	2e-12	2e-12	2e-12
*12/*8	0.0011384799999999999	2e-12	0.0031840199999999996	3.2e-05	5.5599999999999996e-05	0.00029456	2e-12	2e-12	2e-12
*12/*9	0.0011384799999999999	2e-12	0.0031840199999999996	3.2e-05	0.0015456799999999998	3.92e-06	2e-12	2e-12	2e-12
*13/*13	0.022440039999999998	1e-12	0.0015920099999999998	1.6e-05	0.0007728399999999999	0.01106704	1e-12	1e-12	1e-12
*13/*14	0.044880079999999996	2e-12	0.0031840199999999996	3.2e-05	0.0015456799999999998	0.02213408	2e-12	2e-12	2e-12
*13/*15	0.0052130399999999995	2e-12	0.0031840199999999996	3.2e-05	5.5599999999999996e-05	0.00061016	2e-12	2e-12	2e-12
*13/*16	0.044880079999999996	2e-12	0.0031840199999999996	3.2e-05	0.0015456799999999998	0.02213408	2e-12	2e-12	2e-12
*13/*17	0.044880079999999996	2e-12	0.0031840199999999996	3.2e-05	0.0015456799999999998	0.02213408	2e-12	2e-12	2e-12
*13/*18	0.044880079999999996	2e-12	0.0031840199999999996	3.2e-05	0.0015456799999999998	0.02213408	2e-12	2e-12	2e-12
*13/*19	0.044880079999999996	2e-12	0.0001596	3.2e-05	0.0015456799999999998	0.02213408	2e-12	2e-12	2e-12
*13/*1G	0.07025619999999999	2e-12	0.029621759999999997	0.0021432	0.0045314	0.08277136	2e-12	2e-12	2e-12
*13/*2	0.044880079999999996	2e-12	0.0031840199999999996	3.2e-05	0.00011119999999999999	0.02213408	2e-12	2e-12	2e-12
*13/*20	0.044880079999999996	2e-12	0.0031840199999999996	3.2e-05	0.0015456799999999998	0.02213408	2e-12	2e-12	2e-12
*13/*21	0.044880079999999996	2e-12	0.0031840199999999996	8e-06	0.0015456799999999998	0.02213408	2e-12	2e-12	2e-12
*13/*22	0.00023967999999999998	2e-12	0.00048678	3.2e-05	0.0015456799999999998	0.00544936	2e-12	2e-12	2e-12
*13/*23	0.0013481999999999997	2e-12	0.0031840199999999996	3.2e-05	0.0015456799999999998	0.02213408	2e-12	2e-12	2e-12
*13/*24	0.044880079999999996	2e-12	0.0031840199999999996	3.2e-05	0.0015456799999999998	0.02213408	2e-12	2e-12	2e-12
*13/*26	0.044880079999999996	2e-12	0.0031840199999999996	3.2e-05	0.0015456799999999998	0.02213408	2e-12	2e-12	2e-12
*13/*28	0.044880079999999996	2e-12	0.0031840199999999996	3.2e-05	0.0015456799999999998	0.02213408	2e-12	2e-12	2e-12
*13/*29	0.044880079999999996	2e-12	0.0031840199999999996	3.2e-05	0.0015456799999999998	0.02213408	2e-12	2e-12	2e-12
*13/*3	0.00023967999999999998	2e-12	0.0031840199999999996	3.2e-05	0.0003892	0.00151488	2e-12	2e-12	2e-12
*13/*30	0.044880079999999996	2e-12	0.0031840199999999996	3.2e-05	0.0015456799999999998	0.02213408	2e-12	2e-12	2e-12
*13/*31	0.044880079999999996	2e-12	0.0031840199999999996	3.2e-05	0.0015456799999999998	0.02213408	2e-12	2e-12	2e-12
*13/*32	0.044880079999999996	2e-12	0.0031840199999999996	3.2e-05	0.0015456799999999998	0.02213408	2e-12	2e-12	2e-12
*13/*33	0.044880079999999996	2e-12	0.0031840199999999996	3.2e-05	0.0015456799999999998	0.02213408	2e-12	2e-12	2e-12
*13/*34	0.044880079999999996	2e-12	0.0031840199999999996	3.2e-05	0.0015456799999999998	0.02213408	2e-12	2e-12	2e-12
*13/*35	0.044880079999999996	2e-12	0.0031840199999999996	3.2e-05	5.5599999999999996e-05	0.02213408	2e-12	2e-12	2e-12
*13/*4	0.044880079999999996	2e-12	0.0031840199999999996	3.2e-05	0.0015456799999999998	0.02213408	2e-12	2e-12	2e-12
*13/*5	0.044880079999999996	2e-12	0.0031840199999999996	1.6e-05	0.0015456799999999998	0.02213408	2e-12	2e-12	2e-12
*13/*6	0.044880079999999996	2e-12	0.0031840199999999996	3.2e-05	0.0015456799999999998	0.02213408	2e-12	2e-12	2e-12
*13/*7	0.044880079999999996	2e-12	0.0031840199999999996	3.2e-05	0.00011119999999999999	0.02213408	2e-12	2e-12	2e-12
*13/*8	0.044880079999999996	2e-12	0.0031840199999999996	3.2e-05	5.5599999999999996e-05	0.02213408	2e-12	2e-12	2e-12
*13/*9	0.044880079999999996	2e-12	0.0031840199999999996	3.2e-05	0.0015456799999999998	0.00029456	2e-12	2e-12	2e-12
*14/*14	0.022440039999999998	1e-12	0.0015920099999999998	1.6e-05	0.0007728399999999999	0.01106704	1e-12	1e-12	1e-12
*14/*15	0.0052130399999999995	2e-12	0.0031840199999999996	3.2e-05	5.5599999999999996e-05	0.00061016	2e-12	2e-12	2e-12
*14/*16	0.044880079999999996	2e-12	0.0031840199999999996	3.2e-05	0.0015456799999999998	0.02213408	2e-12	2e-12	2e-12
*14/*17	0.044880079999999996	2e-12	0.0031840199999999996	3.2e-05	0.0015456799999999998	0.02213408	2e-12	2e-12	2e-12
*14/*18	0.044880079999999996	2e-12	0.0031840199999999996	3.2e-05	0.0015456799999999998	0.02213408	2e-12	2e-12	2e-12
*14/*19	0.044880079999999996	2e-12	0.0001596	3.2e-05	0.0015456799999999998	0.02213408	2e-12	2e-12	2e-12
*14/*1G	0.07025619999999999	2e-12	0.029621759999999997	0.0021432	0.0045314	0.08277136	2e-12	2e-12	2e-12
*14/*2	0.044880079999999996	2e-12	0.0031840199999999996	3.2e-05	0.00011119999999999999	0.02213408	2e-12	2e-12	2e-12
*14/*20	0.044880079999999996	2e-12	0.0031840199999999996	3.2e-05	0.0015456799999999998	0.02213408	2e-12	2e-12	2e-12
*14/*21	0.044880079999999996	2e-12	0.0031840199999999996	8e-06	0.0015456799999999998	0.02213408	2e-12	2e-12	2e-12
*14/*22	0.00023967999999999998	2e-12	0.00048678	3.2e-05	0.0015456799999999998	0.00544936	2e-12	2e-12	2e-12
*14/*23	0.0013481999999999997	2e-12	0.0031840199999999996	3.2e-05	0.0015456799999999998	0.02213408	2e-12	2e-12	2e-12
*14/*24	0.044880079999999996	2e-12	0.0031840199999999996	3.2e-05	0.0015456799999999998	0.02213408	2e-12	2e-12	2e-12
*14/*26	0.044880079999999996	2e-12	0.0031840199999999996	3.2e-05	0.0015456799999999998	0.02213408	2e-12	2e-12	2e-12
*14/*28	0.044880079999999996	2e-12	0.0031840199999999996	3.2e-05	0.0015456799999999998	0.02213408	2e-12	2e-12	2e-12
*14/*29	0.044880079999999996	2e-12	0.0031840199999999996	3.2e-05	0.0015456799999999998	0.02213408	2e-12	2e-12	2e-12
*14/*3	0.00023967999999999998	2e-12	0.0031840199999999996	3.2e-05	0.0003892	0.00151488	2e-12	2e-12	2e-12
*14/*30	0.044880079999999996	2e-12	0.0031840199999999996	3.2e-05	0.0015456799999999998	0.02213408	2e-12	2e-12	2e-12
*14/*31	0.044880079999999996	2e-12	0.0031840199999999996	3.2e-05	0.0015456799999999998	0.02213408	2e-12	2e-12	2e-12
*14/*32	0.044880079999999996	2e-12	0.0031840199999999996	3.2e-05	0.0015456799999999998	0.02213408	2e-12	2e-12	2e-12
*14/*33	0.044880079999999996	2e-12	0.0031840199999999996	3.2e-05	0.0015456799999999998	0.02213408	2e-12	2e-12	2e-12
*14/*34	0.044880079999999996	2e-12	0.0031840199999999996	3.2e-05	0.0015456799999999998	0.02213408	2e-12	2e-12	2e-12
*14/*35	0.044880079999999996	2e-12	0.0031840199999999996	3.2e-05	5.5599999999999996e-05	0.02213408	2e-12	2e-12	2e-12
*14/*4	0.044880079999999996	2e-12	0.0031840199999999996	3.2e-05	0.0015456799999999998	0.02213408	2e-12	2e-12	2e-12
*14/*5	0.044880079999999996	2e-12	0.0031840199999999996	1.6e-05	0.0015456799999999998	0.02213408	2e-12	2e-12	2e-12
*14/*6	0.044880079999999996	2e-12	0.0031840199999999996	3.2e-05	0.0015456799999999998	0.02213408	2e-12	2e-12	2e-12
*14/*7	0.044880079999999996	2e-12	0.0031840199999999996	3.2e-05	0.00011119999999999999	0.02213408	2e-12	2e-12	2e-12
*14/*8	0.044880079999999996	2e-12	0.0031840199999999996	3.2e-05	5.5599999999999996e-05	0.02213408	2e-12	2e-12	2e-12
*14/*9	0.044880079999999996	2e-12	0.0031840199999999996	3.2e-05	0.0015456799999999998	0.00029456	2e-12	2e-12	2e-12
*15/*15	0.00030275999999999995	1e-12	0.0015920099999999998	1.6e-05	1e-06	8.409999999999999e-06	1e-12	1e-12	1e-12
*15/*16	0.0052130399999999995	2e-12	0.0031840199999999996	3.2e-05	5.5599999999999996e-05	0.00061016	2e-12	2e-12	2e-12
*15/*17	0.0052130399999999995	2e-12	0.0031840199999999996	3.2e-05	5.5599999999999996e-05	0.00061016	2e-12	2e-12	2e-12
*15/*18	0.0052130399999999995	2e-12	0.0031840199999999996	3.2e-05	5.5599999999999996e-05	0.00061016	2e-12	2e-12	2e-12
*15/*19	0.0052130399999999995	2e-12	0.0001596	3.2e-05	5.5599999999999996e-05	0.00061016	2e-12	2e-12	2e-12
*15/*1G	0.008160599999999999	2e-12	0.029621759999999997	0.0021432	0.000163	0.00228172	2e-12	2e-12	2e-12
*15/*2	0.0052130399999999995	2e-12	0.0031840199999999996	3.2e-05	4e-06	0.00061016	2e-12	2e-12	2e-12
*15/*20	0.0052130399999999995	2e-12	0.0031840199999999996	3.2e-05	5.5599999999999996e-05	0.00061016	2e-12	2e-12	2e-12
*15/*21	0.0052130399999999995	2e-12	0.0031840199999999996	8e-06	5.5599999999999996e-05	0.00061016	2e-12	2e-12	2e-12
*15/*22	2.7839999999999998e-05	2e-12	0.00048678	3.2e-05	5.5599999999999996e-05	0.00015021999999999998	2e-12	2e-12	2e-12
*15/*23	0.00015659999999999998	2e-12	0.0031840199999999996	3.2e-05	5.5599999999999996e-05	0.00061016	2e-12	2e-12	2e-12
*15/*24	0.0052130399999999995	2e-12	0.0031840199999999996	3.2e-05	5.5599999999999996e-05	0.00061016	2e-12	2e-12	2e-12
*15/*26	0.0052130399999999995	2e-12	0.0031840199999999996	3.2e-05	5.5599999999999996e-05	0.00061016	2e-12	2e-12	2e-12
*15/*28	0.0052130399999999995	2e-12	0.0031840199999999996	3.2e-05	5.5599999999999996e-05	0.00061016	2e-12	2e-12	2e-12
*15/*29	0.0052130399999999995	2e-12	0.0031840199999999996	3.2e-05	5.5599999999999996e-05	0.00061016	2e-12	2e-12	2e-12
*15/*3	2.7839999999999998e-05	2e-12	0.0031840199999999996	3.2e-05	1.4e-05	4.175999999999999e-05	2e-12	2e-12	2e-12
*15/*30	0.0052130399999999995	2e-12	0.0031840199999999996	3.2e-05	5.5599999999999996e-05	0.00061016	2e-12	2e-12	2e-12
*15/*31	0.0052130399999999995	2e-12	0.0031840199999999996	3.2e-05	5.5599999999999996e-05	0.00061016	2e-12	2e-12	2e-12
*15/*32	0.0052130399999999995	2e-12	0.0031840199999999996	3.2e-05	5.5599999999999996e-05	0.00061016	2e-12	2e-12	2e-12
*15/*33	0.0052130399999999995	2e-12	0.0031840199999999996	3.2e-05	5.5599999999999996e-05	0.00061016	2e-12	2e-12	2e-12
*15/*34	0.0052130399999999995	2e-12	0.0031840199999999996	3.2e-05	5.5599999999999996e-05	0.00061016	2e-12	2e-12	2e-12
*15/*35	0.0052130399999999995	2e-12	0.0031840199999999996	3.2e-05	2e-06	0.00061016	2e-12	2e-12	2e-12
*15/*4	0.0052130399999999995	2e-12	0.0031840199999999996	3.2e-05	5.5599999999999996e-05	0.00061016	2e-12	2e-12	2e-12
*15/*5	0.0052130399999999995	2e-12	0.0031840199999999996	1.6e-05	5.5599999999999996e-05	0.00061016	2e-12	2e-12	2e-12
*15/*6	0.0052130399999999995	2e-12	0.0031840199999999996	3.2e-05	5.5599999999999996e-05	0.00061016	2e-12	2e-12	2e-12
*15/*7	0.0052130399999999995	2e-12	0.0031840199999999996	3.2e-05	4e-06	0.00061016	2e-12	2e-12	2e-12
*15/*8	0.0052130399999999995	2e-12	0.0031840199999999996	3.2e-05	2e-06	0.00061016	2e-12	2e-12	2e-12
*15/*9	0.0052130399999999995	2e-12	0.0031840199999999996	3.2e-05	5.5599999999999996e-05	8.12e-06	2e-12	2e-12	2e-12
*16/*16	0.022440039999999998	1e-12	0.0015920099999999998	1.6e-05	0.0007728399999999999	0.01106704	1e-12	1e-12	1e-12
*16/*17	0.044880079999999996	2e-12	0.0031840199999999996	3.2e-05	0.0015456799999999998	0.02213408	2e-12	2e-12	2e-12
*16/*18	0.044880079999999996	2e-12	0.0031840199999999996	3.2e-05	0.0015456799999999998	0.02213408	2e-12	2e-12	2e-12
*16/*19	0.044880079999999996	2e-12	0.0001596	3.2e-05	0.0015456799999999998	0.02213408	2e-12	2e-12	2e-12
*16/*1G	0.07025619999999999	2e-12	0.029621759999999997	0.0021432	0.0045314	0.08277136	2e-12	2e-12	2e-12
*16/*2	0.044880079999999996	2e-12	0.0031840199999999996	3.2e-05	0.00011119999999999999	0.02213408	2e-12	2e-12	2e-12
*16/*20	0.044880079999999996	2e-12	0.0031840199999999996	3.2e-05	0.0015456799999999998	0.02213408	2e-12	2e-12	2e-12
*16/*21	0.044880079999999996	2e-12	0.0031840199999999996	8e-06	0.0015456799999999998	0.02213408	2e-12	2e-12	2e-12
*16/*22	0.00023967999999999998	2e-12	0.00048678	3.2e-05	0.0015456799999999998	0.00544936	2e-12	2e-12	2e-12
*16/*23	0.0013481999999999997	2e-12	0.0031840199999999996	3.2e-05	0.0015456799999999998	0.02213408	2e-12	2e-12	2e-12
*16/*24	0.044880079999999996	2e-12	0.0031840199999999996	3.2e-05	0.0015456799999999998	0.02213408	2e-12	2e-12	2e-12
*16/*26	0.044880079999999996	2e-12	0.0031840199999999996	3.2e-05	0.0015456799999999998	0.02213408	2e-12	2e-12	2e-12
*16/*28	0.044880079999999996	2e-12	0.0031840199999999996	3.2e-05	0.0015456799999999998	0.02213408	2e-12	2e-12	2e-12
*16/*29	0.044880079999999996	2e-12	0.0031840199999999996	3.2e-05	0.0015456799999999998	0.02213408	2e-12	2e-12	2e-12
*16/*3	0.00023967999999999998	2e-12	0.0031840199999999996	3.2e-05	0.0003892	0.00151488	2e-12	2e-12	2e-12
*16/*30	0.044880079999999996	2e-12	0.0031840199999999996	3.2e-05	0.0015456799999999998	0.02213408	2e-12	2e-12	2e-12
*16/*31	0.044880079999999996	2e-12	0.0031840199999999996	3.2e-05	0.0015456799999999998	0.02213408	2e-12	2e-12	2e-12
*16/*32	0.044880079999999996	2e-12	0.0031840199999999996	3.2e-05	0.0015456799999999998	0.02213408	2e-12	2e-12	2e-12
*16/*33	0.044880079999999996	2e-12	0.0031840199999999996	3.2e-05	0.0015456799999999998	0.02213408	2e-12	2e-12	2e-12
*16/*34	0.044880079999999996	2e-12	0.0031840199999999996	3.2e-05	0.0015456799999999998	0.02213408	2e-12	2e-12	2e-12
*16/*35	0.044880079999999996	2e-12	0.0031840199999999996	3.2e-05	5.5599999999999996e-05	0.02213408	2e-12	2e-12	2e-12
*16/*4	0.044880079999999996	2e-12	0.0031840199999999996	3.2e-05	0.0015456799999999998	0.02213408	2e-12	2e-12	2e-12
*16/*5	0.044880079999999996	2e-12	0.0031840199999999996	1.6e-05	0.0015456799999999998	0.02213408	2e-12	2e-12	2e-12
*16/*6	0.044880079999999996	2e-12	0.0031840199999999996	3.2e-05	0.0015456799999999998	0.02213408	2e-12	2e-12	2e-12
*16/*7	0.044880079999999996	2e-12	0.0031840199999999996	3.2e-05	0.00011119999999999999	0.02213408	2e-12	2e-12	2e-12
*16/*8	0.044880079999999996	2e-12	0.0031840199999999996	3.2e-05	5.5599999999999996e-05	0.02213408	2e-12	2e-12	2e-12
*16/*9	0.044880079999999996	2e-12	0.0031840199999999996	3.2e-05	0.0015456799999999998	0.00029456	2e-12	2e-12	2e-12
*17/*17	0.022440039999999998	1e-12	0.0015920099999999998	1.6e-05	0.0007728399999999999	0.01106704	1e-12	1e-12	1e-12
*17/*18	0.044880079999999996	2e-12	0.0031840199999999996	3.2e-05	0.0015456799999999998	0.02213408	2e-12	2e-12	2e-12
*17/*19	0.044880079999999996	2e-12	0.0001596	3.2e-05	0.0015456799999999998	0.02213408	2e-12	2e-12	2e-12
*17/*1G	0.07025619999999999	2e-12	0.029621759999999997	0.0021432	0.0045314	0.08277136	2e-12	2e-12	2e-12
*17/*2	0.044880079999999996	2e-12	0.0031840199999999996	3.2e-05	0.00011119999999999999	0.02213408	2e-12	2e-12	2e-12
*17/*20	0.044880079999999996	2e-12	0.0031840199999999996	3.2e-05	0.0015456799999999998	0.02213408	2e-12	2e-12	2e-12
*17/*21	0.044880079999999996	2e-12	0.0031840199999999996	8e-06	0.0015456799999999998	0.02213408	2e-12	2e-12	2e-12
*17/*22	0.00023967999999999998	2e-12	0.00048678	3.2e-05	0.0015456799999999998	0.00544936	2e-12	2e-12	2e-12
*17/*23	0.0013481999999999997	2e-12	0.0031840199999999996	3.2e-05	0.0015456799999999998	0.02213408	2e-12	2e-12	2e-12
*17/*24	0.044880079999999996	2e-12	0.0031840199999999996	3.2e-05	0.0015456799999999998	0.02213408	2e-12	2e-12	2e-12
*17/*26	0.044880079999999996	2e-12	0.0031840199999999996	3.2e-05	0.0015456799999999998	0.02213408	2e-12	2e-12	2e-12
*17/*28	0.044880079999999996	2e-12	0.0031840199999999996	3.2e-05	0.0015456799999999998	0.02213408	2e-12	2e-12	2e-12
*17/*29	0.044880079999999996	2e-12	0.0031840199999999996	3.2e-05	0.0015456799999999998	0.02213408	2e-12	2e-12	2e-12
*17/*3	0.00023967999999999998	2e-12	0.0031840199999999996	3.2e-05	0.0003892	0.00151488	2e-12	2e-12	2e-12
*17/*30	0.044880079999999996	2e-12	0.0031840199999999996	3.2e-05	0.0015456799999999998	0.02213408	2e-12	2e-12	2e-12
*17/*31	0.044880079999999996	2e-12	0.0031840199999999996	3.2e-05	0.0015456799999999998	0.02213408	2e-12	2e-12	2e-12
*17/*32	0.044880079999999996	2e-12	0.0031840199999999996	3.2e-05	0.0015456799999999998	0.02213408	2e-12	2e-12	2e-12
*17/*33	0.044880079999999996	2e-12	0.0031840199999999996	3.2e-05	0.0015456799999999998	0.02213408	2e-12	2e-12	2e-12
*17/*34	0.044880079999999996	2e-12	0.0031840199999999996	3.2e-05	0.0015456799999999998	0.02213408	2e-12	2e-12	2e-12
*17/*35	0.044880079999999996	2e-12	0.0031840199999999996	3.2e-05	5.5599999999999996e-05	0.02213408	2e-12	2e-12	2e-12
*17/*4	0.044880079999999996	2e-12	0.0031840199999999996	3.2e-05	0.0015456799999999998	0.02213408	2e-12	2e-12	2e-12
*17/*5	0.044880079999999996	2e-12	0.0031840199999999996	1.6e-05	0.0015456799999999998	0.02213408	2e-12	2e-12	2e-12
*17/*6	0.044880079999999996	2e-12	0.0031840199999999996	3.2e-05	0.0015456799999999998	0.02213408	2e-12	2e-12	2e-12
*17/*7	0.044880079999999996	2e-12	0.0031840199999999996	3.2e-05	0.00011119999999999999	0.02213408	2e-12	2e-12	2e-12
*17/*8	0.044880079999999996	2e-12	0.0031840199999999996	3.2e-05	5.5599999999999996e-05	0.02213408	2e-12	2e-12	2e-12
*17/*9	0.044880079999999996	2e-12	0.0031840199999999996	3.2e-05	0.0015456799999999998	0.00029456	2e-12	2e-12	2e-12
*18/*18	0.022440039999999998	1e-12	0.0015920099999999998	1.6e-05	0.0007728399999999999	0.01106704	1e-12	1e-12	1e-12
*18/*19	0.044880079999999996	2e-12	0.0001596	3.2e-05	0.0015456799999999998	0.02213408	2e-12	2e-12	2e-12
*18/*1G	0.07025619999999999	2e-12	0.029621759999999997	0.0021432	0.0045314	0.08277136	2e-12	2e-12	2e-12
*18/*2	0.044880079999999996	2e-12	0.0031840199999999996	3.2e-05	0.00011119999999999999	0.02213408	2e-12	2e-12	2e-12
*18/*20	0.044880079999999996	2e-12	0.0031840199999999996	3.2e-05	0.0015456799999999998	0.02213408	2e-12	2e-12	2e-12
*18/*21	0.044880079999999996	2e-12	0.0031840199999999996	8e-06	0.0015456799999999998	0.02213408	2e-12	2e-12	2e-12
*18/*22	0.00023967999999999998	2e-12	0.00048678	3.2e-05	0.0015456799999999998	0.00544936	2e-12	2e-12	2e-12
*18/*23	0.0013481999999999997	2e-12	0.0031840199999999996	3.2e-05	0.0015456799999999998	0.02213408	2e-12	2e-12	2e-12
*18/*24	0.044880079999999996	2e-12	0.0031840199999999996	3.2e-05	0.0015456799999999998	0.02213408	2e-12	2e-12	2e-12
*18/*26	0.044880079999999996	2e-12	0.0031840199999999996	3.2e-05	0.0015456799999999998	0.02213408	2e-12	2e-12	2e-12
*18/*28	0.044880079999999996	2e-12	0.0031840199999999996	3.2e-05	0.0015456799999999998	0.02213408	2e-12	2e-12	2e-12
*18/*29	0.044880079999999996	2e-12	0.0031840199999999996	3.2e-05	0.0015456799999999998	0.02213408	2e-12	2e-12	2e-12
*18/*3	0.00023967999999999998	2e-12	0.0031840199999999996	3.2e-05	0.0003892	0.00151488	2e-12	2e-12	2e-12
*18/*30	0.044880079999999996	2e-12	0.0031840199999999996	3.2e-05	0.0015456799999999998	0.02213408	2e-12	2e-12	2e-12
*18/*31	0.044880079999999996	2e-12	0.0031840199999999996	3.2e-05	0.0015456799999999998	0.02213408	2e-12	2e-12	2e-12
*18/*32	0.044880079999999996	2e-12	0.0031840199999999996	3.2e-05	0.0015456799999999998	0.02213408	2e-12	2e-12	2e-12
*18/*33	0.044880079999999996	2e-12	0.0031840199999999996	3.2e-05	0.0015456799999999998	0.02213408	2e-12	2e-12	2e-12
*18/*34	0.044880079999999996	2e-12	0.0031840199999999996	3.2e-05	0.0015456799999999998	0.02213408	2e-12	2e-12	2e-12
*18/*35	0.044880079999999996	2e-12	0.0031840199999999996	3.2e-05	5.5599999999999996e-05	0.02213408	2e-12	2e-12	2e-12
*18/*4	0.044880079999999996	2e-12	0.0031840199999999996	3.2e-05	0.0015456799999999998	0.02213408	2e-12	2e-12	2e-12
*18/*5	0.044880079999999996	2e-12	0.0031840199999999996	1.6e-05	0.0015456799999999998	0.02213408	2e-12	2e-12	2e-12
*18/*6	0.044880079999999996	2e-12	0.0031840199999999996	3.2e-05	0.0015456799999999998	0.02213408	2e-12	2e-12	2e-12
*18/*7	0.044880079999999996	2e-12	0.0031840199999999996	3.2e-05	0.00011119999999999999	0.02213408	2e-12	2e-12	2e-12
*18/*8	0.044880079999999996	2e-12	0.0031840199999999996	3.2e-05	5.5599999999999996e-05	0.02213408	2e-12	2e-12	2e-12
*18/*9	0.044880079999999996	2e-12	0.0031840199999999996	3.2e-05	0.0015456799999999998	0.00029456	2e-12	2e-12	2e-12
*19/*19	0.022440039999999998	1e-12	4e-06	1.6e-05	0.0007728399999999999	0.01106704	1e-12	1e-12	1e-12
*19/*1G	0.07025619999999999	2e-12	0.0014847999999999999	0.0021432	0.0045314	0.08277136	2e-12	2e-12	2e-12
*19/*2	0.044880079999999996	2e-12	0.0001596	3.2e-05	0.00011119999999999999	0.02213408	2e-12	2e-12	2e-12
*19/*20	0.044880079999999996	2e-12	0.0001596	3.2e-05	0.0015456799999999998	0.02213408	2e-12	2e-12	2e-12
*19/*21	0.044880079999999996	2e-12	0.0001596	8e-06	0.0015456799999999998	0.02213408	2e-12	2e-12	2e-12
*19/*22	0.00023967999999999998	2e-12	2.4400000000000004e-05	3.2e-05	0.0015456799999999998	0.00544936	2e-12	2e-12	2e-12
*19/*23	0.0013481999999999997	2e-12	0.0001596	3.2e-05	0.0015456799999999998	0.02213408	2e-12	2e-12	2e-12
*19/*24	0.044880079999999996	2e-12	0.0001596	3.2e-05	0.0015456799999999998	0.02213408	2e-12	2e-12	2e-12
*19/*26	0.044880079999999996	2e-12	0.0001596	3.2e-05	0.0015456799999999998	0.02213408	2e-12	2e-12	2e-12
*19/*28	0.044880079999999996	2e-12	0.0001596	3.2e-05	0.0015456799999999998	0.02213408	2e-12	2e-12	2e-12
*19/*29	0.044880079999999996	2e-12	0.0001596	3.2e-05	0.0015456799999999998	0.02213408	2e-12	2e-12	2e-12
*19/*3	0.00023967999999999998	2e-12	0.0001596	3.2e-05	0.0003892	0.00151488	2e-12	2e-12	2e-12
*19/*30	0.044880079999999996	2e-12	0.0001596	3.2e-05	0.0015456799999999998	0.02213408	2e-12	2e-12	2e-12
*19/*31	0.044880079999999996	2e-12	0.0001596	3.2e-05	0.0015456799999999998	0.02213408	2e-12	2e-12	2e-12
*19/*32	0.044880079999999996	2e-12	0.0001596	3.2e-05	0.0015456799999999998	0.02213408	2e-12	2e-12	2e-12
*19/*33	0.044880079999999996	2e-12	0.0001596	3.2e-05	0.0015456799999999998	0.02213408	2e-12	2e-12	2e-12
*19/*34	0.044880079999999996	2e-12	0.0001596	3.2e-05	0.0015456799999999998	0.02213408	2e-12	2e-12	2e-12
*19/*35	0.044880079999999996	2e-12	0.0001596	3.2e-05	5.5599999999999996e-05	0.02213408	2e-12	2e-12	2e-12
*19/*4	0.044880079999999996	2e-12	0.0001596	3.2e-05	0.0015456799999999998	0.02213408	2e-12	2e-12	2e-12
*19/*5	0.044880079999999996	2e-12	0.0001596	1.6e-05	0.0015456799999999998	0.02213408	2e-12	2e-12	2e-12
*19/*6	0.044880079999999996	2e-12	0.0001596	3.2e-05	0.0015456799999999998	0.02213408	2e-12	2e-12	2e-12
*19/*7	0.044880079999999996	2e-12	0.0001596	3.2e-05	0.00011119999999999999	0.02213408	2e-12	2e-12	2e-12
*19/*8	0.044880079999999996	2e-12	0.0001596	3.2e-05	5.5599999999999996e-05	0.02213408	2e-12	2e-12	2e-12
*19/*9	0.044880079999999996	2e-12	0.0001596	3.2e-05	0.0015456799999999998	0.00029456	2e-12	2e-12	2e-12
*1G/*1G	0.05499024999999999	1e-12	0.13778943999999999	0.07177041000000002	0.006642250000000001	0.15476356000000002	1e-12	1e-12	1e-12
*1G/*2	0.07025619999999999	2e-12	0.029621759999999997	0.0021432	0.000326	0.08277136	2e-12	2e-12	2e-12
*1G/*20	0.07025619999999999	2e-12	0.029621759999999997	0.0021432	0.0045314	0.08277136	2e-12	2e-12	2e-12
*1G/*21	0.07025619999999999	2e-12	0.029621759999999997	0.0005358	0.0045314	0.08277136	2e-12	2e-12	2e-12
*1G/*22	0.0003752	2e-12	0.00452864	0.0021432	0.0045314	0.02037812	2e-12	2e-12	2e-12
*1G/*23	0.0021104999999999995	2e-12	0.029621759999999997	0.0021432	0.0045314	0.08277136	2e-12	2e-12	2e-12
*1G/*24	0.07025619999999999	2e-12	0.029621759999999997	0.0021432	0.0045314	0.08277136	2e-12	2e-12	2e-12
*1G/*26	0.07025619999999999	2e-12	0.029621759999999997	0.0021432	0.0045314	0.08277136	2e-12	2e-12	2e-12
*1G/*28	0.07025619999999999	2e-12	0.029621759999999997	0.0021432	0.0045314	0.08277136	2e-12	2e-12	2e-12
*1G/*29	0.07025619999999999	2e-12	0.029621759999999997	0.0021432	0.0045314	0.08277136	2e-12	2e-12	2e-12
*1G/*3	0.0003752	2e-12	0.029621759999999997	0.0021432	0.001141	0.00566496	2e-12	2e-12	2e-12
*1G/*30	0.07025619999999999	2e-12	0.029621759999999997	0.0021432	0.0045314	0.08277136	2e-12	2e-12	2e-12
*1G/*31	0.07025619999999999	2e-12	0.029621759999999997	0.0021432	0.0045314	0.08277136	2e-12	2e-12	2e-12
*1G/*32	0.07025619999999999	2e-12	0.029621759999999997	0.0021432	0.0045314	0.08277136	2e-12	2e-12	2e-12
*1G/*33	0.07025619999999999	2e-12	0.029621759999999997	0.0021432	0.0045314	0.08277136	2e-12	2e-12	2e-12
*1G/*34	0.07025619999999999	2e-12	0.029621759999999997	0.0021432	0.0045314	0.08277136	2e-12	2e-12	2e-12
*1G/*35	0.07025619999999999	2e-12	0.029621759999999997	0.0021432	0.000163	0.08277136	2e-12	2e-12	2e-12
*1G/*4	0.07025619999999999	2e-12	0.029621759999999997	0.0021432	0.0045314	0.08277136	2e-12	2e-12	2e-12
*1G/*5	0.07025619999999999	2e-12	0.029621759999999997	0.0010716	0.0045314	0.08277136	2e-12	2e-12	2e-12
*1G/*6	0.07025619999999999	2e-12	0.029621759999999997	0.0021432	0.0045314	0.08277136	2e-12	2e-12	2e-12
*1G/*7	0.07025619999999999	2e-12	0.029621759999999997	0.0021432	0.000326	0.08277136	2e-12	2e-12	2e-12
*1G/*8	0.07025619999999999	2e-12	0.029621759999999997	0.0021432	0.000163	0.08277136	2e-12	2e-12	2e-12
*1G/*9	0.07025619999999999	2e-12	0.029621759999999997	0.0021432	0.0045314	0.0011015200000000001	2e-12	2e-12	2e-12
*2/*2	0.022440039999999998	1e-12	0.0015920099999999998	1.6e-05	4e-06	0.01106704	1e-12	1e-12	1e-12
*2/*20	0.044880079999999996	2e-12	0.0031840199999999996	3.2e-05	0.00011119999999999999	0.02213408	2e-12	2e-12	2e-12
*2/*21	0.044880079999999996	2e-12	0.0031840199999999996	8e-06	0.00011119999999999999	0.02213408	2e-12	2e-12	2e-12
*2/*22	0.00023967999999999998	2e-12	0.00048678	3.2e-05	0.00011119999999999999	0.00544936	2e-12	2e-12	2e-12
*2/*23	0.0013481999999999997	2e-12	0.0031840199999999996	3.2e-05	0.00011119999999999999	0.02213408	2e-12	2e-12	2e-12
*2/*24	0.044880079999999996	2e-12	0.0031840199999999996	3.2e-05	0.00011119999999999999	0.02213408	2e-12	2e-12	2e-12
*2/*26	0.044880079999999996	2e-12	0.0031840199999999996	3.2e-05	0.00011119999999999999	0.02213408	2e-12	2e-12	2e-12
*2/*28	0.044880079999999996	2e-12	0.0031840199999999996	3.2e-05	0.00011119999999999999	0.02213408	2e-12	2e-12	2e-12
*2/*29	0.044880079999999996	2e-12	0.0031840199999999996	3.2e-05	0.00011119999999999999	0.02213408	2e-12	2e-12	2e-12
*2/*3	0.00023967999999999998	2e-12	0.0031840199999999996	3.2e-05	2.8e-05	0.00151488	2e-12	2e-12	2e-12
*2/*30	0.044880079999999996	2e-12	0.0031840199999999996	3.2e-05	0.00011119999999999999	0.02213408	2e-12	2e-12	2e-12
*2/*31	0.044880079999999996	2e-12	0.0031840199999999996	3.2e-05	0.00011119999999999999	0.02213408	2e-12	2e-12	2e-12
*2/*32	0.044880079999999996	2e-12	0.0031840199999999996	3.2e-05	0.00011119999999999999	0.02213408	2e-12	2e-12	2e-12
*2/*33	0.044880079999999996	2e-12	0.0031840199999999996	3.2e-05	0.00011119999999999999	0.02213408	2e-12	2e-12	2e-12
*2/*34	0.044880079999999996	2e-12	0.0031840199999999996	3.2e-05	0.00011119999999999999	0.02213408	2e-12	2e-12	2e-12
*2/*35	0.044880079999999996	2e-12	0.0031840199999999996	3.2e-05	4e-06	0.02213408	2e-12	2e-12	2e-12
*2/*4	0.044880079999999996	2e-12	0.0031840199999999996	3.2e-05	0.00011119999999999999	0.02213408	2e-12	2e-12	2e-12
*2/*5	0.044880079999999996	2e-12	0.0031840199999999996	1.6e-05	0.00011119999999999999	0.02213408	2e-12	2e-12	2e-12
*2/*6	0.044880079999999996	2e-12	0.0031840199999999996	3.2e-05	0.00011119999999999999	0.02213408	2e-12	2e-12	2e-12
*2/*7	0.044880079999999996	2e-12	0.0031840199999999996	3.2e-05	8e-06	0.02213408	2e-12	2e-12	2e-12
*2/*8	0.044880079999999996	2e-12	0.0031840199999999996	3.2e-05	4e-06	0.02213408	2e-12	2e-12	2e-12
*2/*9	0.044880079999999996	2e-12	0.0031840199999999996	3.2e-05	0.00011119999999999999	0.00029456	2e-12	2e-12	2e-12
*20/*20	0.022440039999999998	1e-12	0.0015920099999999998	1.6e-05	0.0007728399999999999	0.01106704	1e-12	1e-12	1e-12
*20/*21	0.044880079999999996	2e-12	0.0031840199999999996	8e-06	0.0015456799999999998	0.02213408	2e-12	2e-12	2e-12
*20/*22	0.00023967999999999998	2e-12	0.00048678	3.2e-05	0.0015456799999999998	0.00544936	2e-12	2e-12	2e-12
*20/*23	0.0013481999999999997	2e-12	0.0031840199999999996	3.2e-05	0.0015456799999999998	0.02213408	2e-12	2e-12	2e-12
*20/*24	0.044880079999999996	2e-12	0.0031840199999999996	3.2e-05	0.0015456799999999998	0.02213408	2e-12	2e-12	2e-12
*20/*26	0.044880079999999996	2e-12	0.0031840199999999996	3.2e-05	0.0015456799999999998	0.02213408	2e-12	2e-12	2e-12
*20/*28	0.044880079999999996	2e-12	0.0031840199999999996	3.2e-05	0.0015456799999999998	0.02213408	2e-12	2e-12	2e-12
*20/*29	0.044880079999999996	2e-12	0.0031840199999999996	3.2e-05	0.0015456799999999998	0.02213408	2e-12	2e-12	2e-12
*20/*3	0.00023967999999999998	2e-12	0.0031840199999999996	3.2e-05	0.0003892	0.00151488	2e-12	2e-12	2e-12
*20/*30	0.044880079999999996	2e-12	0.0031840199999999996	3.2e-05	0.0015456799999999998	0.02213408	2e-12	2e-12	2e-12
*20/*31	0.044880079999999996	2e-12	0.0031840199999999996	3.2e-05	0.0015456799999999998	0.02213408	2e-12	2e-12	2e-12
*20/*32	0.044880079999999996	2e-12	0.0031840199999999996	3.2e-05	0.0015456799999999998	0.02213408	2e-12	2e-12	2e-12
*20/*33	0.044880079999999996	2e-12	0.0031840199999999996	3.2e-05	0.0015456799999999998	0.02213408	2e-12	2e-12	2e-12
*20/*34	0.044880079999999996	2e-12	0.0031840199999999996	3.2e-05	0.0015456799999999998	0.02213408	2e-12	2e-12	2e-12
*20/*35	0.044880079999999996	2e-12	0.0031840199999999996	3.2e-05	5.5599999999999996e-05	0.02213408	2e-12	2e-12	2e-12
*20/*4	0.044880079999999996	2e-12	0.0031840199999999996	3.2e-05	0.0015456799999999998	0.02213408	2e-12	2e-12	2e-12
*20/*5	0.044880079999999996	2e-12	0.0031840199999999996	1.6e-05	0.0015456799999999998	0.02213408	2e-12	2e-12	2e-12
*20/*6	0.044880079999999996	2e-12	0.0031840199999999996	3.2e-05	0.0015456799999999998	0.02213408	2e-12	2e-12	2e-12
*20/*7	0.044880079999999996	2e-12	0.0031840199999999996	3.2e-05	0.00011119999999999999	0.02213408	2e-12	2e-12	2e-12
*20/*8	0.044880079999999996	2e-12	0.0031840199999999996	3.2e-05	5.5599999999999996e-05	0.02213408	2e-12	2e-12	2e-12
*20/*9	0.044880079999999996	2e-12	0.0031840199999999996	3.2e-05	0.0015456799999999998	0.00029456	2e-12	2e-12	2e-12
*21/*21	0.022440039999999998	1e-12	0.0015920099999999998	1e-06	0.0007728399999999999	0.01106704	1e-12	1e-12	1e-12
*21/*22	0.00023967999999999998	2e-12	0.00048678	8e-06	0.0015456799999999998	0.00544936	2e-12	2e-12	2e-12
*21/*23	0.0013481999999999997	2e-12	0.0031840199999999996	8e-06	0.0015456799999999998	0.02213408	2e-12	2e-12	2e-12
*21/*24	0.044880079999999996	2e-12	0.0031840199999999996	8e-06	0.0015456799999999998	0.02213408	2e-12	2e-12	2e-12
*21/*26	0.044880079999999996	2e-12	0.0031840199999999996	8e-06	0.0015456799999999998	0.02213408	2e-12	2e-12	2e-12
*21/*28	0.044880079999999996	2e-12	0.0031840199999999996	8e-06	0.0015456799999999998	0.02213408	2e-12	2e-12	2e-12
*21/*29	0.044880079999999996	2e-12	0.0031840199999999996	8e-06	0.0015456799999999998	0.02213408	2e-12	2e-12	2e-12
*21/*3	0.00023967999999999998	2e-12	0.0031840199999999996	8e-06	0.0003892	0.00151488	2e-12	2e-12	2e-12
*21/*30	0.044880079999999996	2e-12	0.0031840199999999996	8e-06	0.0015456799999999998	0.02213408	2e-12	2e-12	2e-12
*21/*31	0.044880079999999996	2e-12	0.0031840199999999996	8e-06	0.0015456799999999998	0.02213408	2e-12	2e-12	2e-12
*21/*32	0.044880079999999996	2e-12	0.0031840199999999996	8e-06	0.0015456799999999998	0.02213408	2e-12	2e-12	2e-12
*21/*33	0.044880079999999996	2e-12	0.0031840199999999996	8e-06	0.0015456799999999998	0.02213408	2e-12	2e-12	2e-12
*21/*34	0.044880079999999996	2e-12	0.0031840199999999996	8e-06	0.0015456799999999998	0.02213408	2e-12	2e-12	2e-12
*21/*35	0.044880079999999996	2e-12	0.0031840199999999996	8e-06	5.5599999999999996e-05	0.02213408	2e-12	2e-12	2e-12
*21/*4	0.044880079999999996	2e-12	0.0031840199999999996	8e-06	0.0015456799999999998	0.02213408	2e-12	2e-12	2e-12
*21/*5	0.044880079999999996	2e-12	0.0031840199999999996	4e-06	0.0015456799999999998	0.02213408	2e-12	2e-12	2e-12
*21/*6	0.044880079999999996	2e-12	0.0031840199999999996	8e-06	0.0015456799999999998	0.02213408	2e-12	2e-12	2e-12
*21/*7	0.044880079999999996	2e-12	0.0031840199999999996	8e-06	0.00011119999999999999	0.02213408	2e-12	2e-12	2e-12
*21/*8	0.044880079999999996	2e-12	0.0031840199999999996	8e-06	5.5599999999999996e-05	0.02213408	2e-12	2e-12	2e-12
*21/*9	0.044880079999999996	2e-12	0.0031840199999999996	8e-06	0.0015456799999999998	0.00029456	2e-12	2e-12	2e-12
*22/*22	6.4e-07	1e-12	3.7210000000000005e-05	1.6e-05	0.0007728399999999999	0.00067081	1e-12	1e-12	1e-12
*22/*23	7.2e-06	2e-12	0.00048678	3.2e-05	0.0015456799999999998	0.00544936	2e-12	2e-12	2e-12
*22/*24	0.00023967999999999998	2e-12	0.00048678	3.2e-05	0.0015456799999999998	0.00544936	2e-12	2e-12	2e-12
*22/*26	0.00023967999999999998	2e-12	0.00048678	3.2e-05	0.0015456799999999998	0.00544936	2e-12	2e-12	2e-12
*22/*28	0.00023967999999999998	2e-12	0.00048678	3.2e-05	0.0015456799999999998	0.00544936	2e-12	2e-12	2e-12
*22/*29	0.00023967999999999998	2e-12	0.00048678	3.2e-05	0.0015456799999999998	0.00544936	2e-12	2e-12	2e-12
*22/*3	1.28e-06	2e-12	0.00048678	3.2e-05	0.0003892	0.00037296	2e-12	2e-12	2e-12
*22/*30	0.00023967999999999998	2e-12	0.00048678	3.2e-05	0.0015456799999999998	0.00544936	2e-12	2e-12	2e-12
*22/*31	0.00023967999999999998	2e-12	0.00048678	3.2e-05	0.0015456799999999998	0.00544936	2e-12	2e-12	2e-12
*22/*32	0.00023967999999999998	2e-12	0.00048678	3.2e-05	0.0015456799999999998	0.00544936	2e-12	2e-12	2e-12
*22/*33	0.00023967999999999998	2e-12	0.00048678	3.2e-05	0.0015456799999999998	0.00544936	2e-12	2e-12	2e-12
*22/*34	0.00023967999999999998	2e-12	0.00048678	3.2e-05	0.0015456799999999998	0.00544936	2e-12	2e-12	2e-12
*22/*35	0.00023967999999999998	2e-12	0.00048678	3.2e-05	5.5599999999999996e-05	0.00544936	2e-12	2e-12	2e-12
*22/*4	0.00023967999999999998	2e-12	0.00048678	3.2e-05	0.0015456799999999998	0.00544936	2e-12	2e-12	2e-12
*22/*5	0.00023967999999999998	2e-12	0.00048678	1.6e-05	0.0015456799999999998	0.00544936	2e-12	2e-12	2e-12
*22/*6	0.00023967999999999998	2e-12	0.00048678	3.2e-05	0.0015456799999999998	0.00544936	2e-12	2e-12	2e-12
*22/*7	0.00023967999999999998	2e-12	0.00048678	3.2e-05	0.00011119999999999999	0.00544936	2e-12	2e-12	2e-12
*22/*8	0.00023967999999999998	2e-12	0.00048678	3.2e-05	5.5599999999999996e-05	0.00544936	2e-12	2e-12	2e-12
*22/*9	0.00023967999999999998	2e-12	0.00048678	3.2e-05	0.0015456799999999998	7.252e-05	2e-12	2e-12	2e-12
*23/*23	2.0249999999999998e-05	1e-12	0.0015920099999999998	1.6e-05	0.0007728399999999999	0.01106704	1e-12	1e-12	1e-12
*23/*24	0.0013481999999999997	2e-12	0.0031840199999999996	3.2e-05	0.0015456799999999998	0.02213408	2e-12	2e-12	2e-12
*23/*26	0.0013481999999999997	2e-12	0.0031840199999999996	3.2e-05	0.0015456799999999998	0.02213408	2e-12	2e-12	2e-12
*23/*28	0.0013481999999999997	2e-12	0.0031840199999999996	3.2e-05	0.0015456799999999998	0.02213408	2e-12	2e-12	2e-12
*23/*29	0.0013481999999999997	2e-12	0.0031840199999999996	3.2e-05	0.0015456799999999998	0.02213408	2e-12	2e-12	2e-12
*23/*3	7.2e-06	2e-12	0.0031840199999999996	3.2e-05	0.0003892	0.00151488	2e-12	2e-12	2e-12
*23/*30	0.0013481999999999997	2e-12	0.0031840199999999996	3.2e-05	0.0015456799999999998	0.02213408	2e-12	2e-12	2e-12
*23/*31	0.0013481999999999997	2e-12	0.0031840199999999996	3.2e-05	0.0015456799999999998	0.02213408	2e-12	2e-12	2e-12
*23/*32	0.0013481999999999997	2e-12	0.0031840199999999996	3.2e-05	0.0015456799999999998	0.02213408	2e-12	2e-12	2e-12
*23/*33	0.0013481999999999997	2e-12	0.0031840199999999996	3.2e-05	0.0015456799999999998	0.02213408	2e-12	2e-12	2e-12
*23/*34	0.0013481999999999997	2e-12	0.0031840199999999996	3.2e-05	0.0015456799999999998	0.02213408	2e-12	2e-12	2e-12
*23/*35	0.0013481999999999997	2e-12	0.0031840199999999996	3.2e-05	5.5599999999999996e-05	0.02213408	2e-12	2e-12	2e-12
*23/*4	0.0013481999999999997	2e-12	0.0031840199999999996	3.2e-05	0.0015456799999999998	0.02213408	2e-12	2e-12	2e-12
*23/*5	0.0013481999999999997	2e-12	0.0031840199999999996	1.6e-05	0.0015456799999999998	0.02213408	2e-12	2e-12	2e-12
*23/*6	0.0013481999999999997	2e-12	0.0031840199999999996	3.2e-05	0.0015456799999999998	0.02213408	2e-12	2e-12	2e-12
*23/*7	0.0013481999999999997	2e-12	0.0031840199999999996	3.2e-05	0.00011119999999999999	0.02213408	2e-12	2e-12	2e-12
*23/*8	0.0013481999999999997	2e-12	0.0031840199999999996	3.2e-05	5.5599999999999996e-05	0.02213408	2e-12	2e-12	2e-12
*23/*9	0.0013481999999999997	2e-12	0.0031840199999999996	3.2e-05	0.0015456799999999998	0.00029456	2e-12	2e-12	2e-12
*24/*24	0.022440039999999998	1e-12	0.0015920099999999998	1.6e-05	0.0007728399999999999	0.01106704	1e-12	1e-12	1e-12
*24/*26	0.044880079999999996	2e-12	0.0031840199999999996	3.2e-05	0.0015456799999999998	0.02213408	2e-12	2e-12	2e-12
*24/*28	0.044880079999999996	2e-12	0.0031840199999999996	3.2e-05	0.0015456799999999998	0.02213408	2e-12	2e-12	2e-12
*24/*29	0.044880079999999996	2e-12	0.0031840199999999996	3.2e-05	0.0015456799999999998	0.02213408	2e-12	2e-12	2e-12
*24/*3	0.00023967999999999998	2e-12	0.0031840199999999996	3.2e-05	0.0003892	0.00151488	2e-12	2e-12	2e-12
*24/*30	0.044880079999999996	2e-12	0.0031840199999999996	3.2e-05	0.0015456799999999998	0.02213408	2e-12	2e-12	2e-12
*24/*31	0.044880079999999996	2e-12	0.0031840199999999996	3.2e-05	0.0015456799999999998	0.02213408	2e-12	2e-12	2e-12
*24/*32	0.044880079999999996	2e-12	0.0031840199999999996	3.2e-05	0.0015456799999999998	0.02213408	2e-12	2e-12	2e-12
*24/*33	0.044880079999999996	2e-12	0.0031840199999999996	3.2e-05	0.0015456799999999998	0.02213408	2e-12	2e-12	2e-12
*24/*34	0.044880079999999996	2e-12	0.0031840199999999996	3.2e-05	0.0015456799999999998	0.02213408	2e-12	2e-12	2e-12
*24/*35	0.044880079999999996	2e-12	0.0031840199999999996	3.2e-05	5.5599999999999996e-05	0.02213408	2e-12	2e-12	2e-12
*24/*4	0.044880079999999996	2e-12	0.0031840199999999996	3.2e-05	0.0015456799999999998	0.02213408	2e-12	2e-12	2e-12
*24/*5	0.044880079999999996	2e-12	0.0031840199999999996	1.6e-05	0.0015456799999999998	0.02213408	2e-12	2e-12	2e-12
*24/*6	0.044880079999999996	2e-12	0.0031840199999999996	3.2e-05	0.0015456799999999998	0.02213408	2e-12	2e-12	2e-12
*24/*7	0.044880079999999996	2e-12	0.0031840199999999996	3.2e-05	0.00011119999999999999	0.02213408	2e-12	2e-12	2e-12
*24/*8	0.044880079999999996	2e-12	0.0031840199999999996	3.2e-05	5.5599999999999996e-05	0.02213408	2e-12	2e-12	2e-12
*24/*9	0.044880079999999996	2e-12	0.0031840199999999996	3.2e-05	0.0015456799999999998	0.00029456	2e-12	2e-12	2e-12
*26/*26	0.022440039999999998	1e-12	0.0015920099999999998	1.6e-05	0.0007728399999999999	0.01106704	1e-12	1e-12	1e-12
*26/*28	0.044880079999999996	2e-12	0.0031840199999999996	3.2e-05	0.0015456799999999998	0.02213408	2e-12	2e-12	2e-12
*26/*29	0.044880079999999996	2e-12	0.0031840199999999996	3.2e-05	0.0015456799999999998	0.02213408	2e-12	2e-12	2e-12
*26/*3	0.00023967999999999998	2e-12	0.0031840199999999996	3.2e-05	0.0003892	0.00151488	2e-12	2e-12	2e-12
*26/*30	0.044880079999999996	2e-12	0.0031840199999999996	3.2e-05	0.0015456799999999998	0.02213408	2e-12	2e-12	2e-12
*26/*31	0.044880079999999996	2e-12	0.0031840199999999996	3.2e-05	0.0015456799999999998	0.02213408	2e-12	2e-12	2e-12
*26/*32	0.044880079999999996	2e-12	0.0031840199999999996	3.2e-05	0.0015456799999999998	0.02213408	2e-12	2e-12	2e-12
*26/*33	0.044880079999999996	2e-12	0.0031840199999999996	3.2e-05	0.0015456799999999998	0.02213408	2e-12	2e-12	2e-12
*26/*34	0.044880079999999996	2e-12	0.0031840199999999996	3.2e-05	0.0015456799999999998	0.02213408	2e-12	2e-12	2e-12
*26/*35	0.044880079999999996	2e-12	0.0031840199999999996	3.2e-05	5.5599999999999996e-05	0.02213408	2e-12	2e-12	2e-12
*26/*4	0.044880079999999996	2e-12	0.0031840199999999996	3.2e-05	0.0015456799999999998	0.02213408	2e-12	2e-12	2e-12
*26/*5	0.044880079999999996	2e-12	0.0031840199999999996	1.6e-05	0.0015456799999999998	0.02213408	2e-12	2e-12	2e-12
*26/*6	0.044880079999999996	2e-12	0.0031840199999999996	3.2e-05	0.0015456799999999998	0.02213408	2e-12	2e-12	2e-12
*26/*7	0.044880079999999996	2e-12	0.0031840199999999996	3.2e-05	0.00011119999999999999	0.02213408	2e-12	2e-12	2e-12
*26/*8	0.044880079999999996	2e-12	0.0031840199999999996	3.2e-05	5.5599999999999996e-05	0.02213408	2e-12	2e-12	2e-12
*26/*9	0.044880079999999996	2e-12	0.0031840199999999996	3.2e-05	0.0015456799999999998	0.00029456	2e-12	2e-12	2e-12
*28/*28	0.022440039999999998	1e-12	0.0015920099999999998	1.6e-05	0.0007728399999999999	0.01106704	1e-12	1e-12	1e-12
*28/*29	0.044880079999999996	2e-12	0.0031840199999999996	3.2e-05	0.0015456799999999998	0.02213408	2e-12	2e-12	2e-12
*28/*3	0.00023967999999999998	2e-12	0.0031840199999999996	3.2e-05	0.0003892	0.00151488	2e-12	2e-12	2e-12
*28/*30	0.044880079999999996	2e-12	0.0031840199999999996	3.2e-05	0.0015456799999999998	0.02213408	2e-12	2e-12	2e-12
*28/*31	0.044880079999999996	2e-12	0.0031840199999999996	3.2e-05	0.0015456799999999998	0.02213408	2e-12	2e-12	2e-12
*28/*32	0.044880079999999996	2e-12	0.0031840199999999996	3.2e-05	0.0015456799999999998	0.02213408	2e-12	2e-12	2e-12
*28/*33	0.044880079999999996	2e-12	0.0031840199999999996	3.2e-05	0.0015456799999999998	0.02213408	2e-12	2e-12	2e-12
*28/*34	0.044880079999999996	2e-12	0.0031840199999999996	3.2e-05	0.0015456799999999998	0.02213408	2e-12	2e-12	2e-12
*28/*35	0.044880079999999996	2e-12	0.0031840199999999996	3.2e-05	5.5599999999999996e-05	0.02213408	2e-12	2e-12	2e-12
*28/*4	0.044880079999999996	2e-12	0.0031840199999999996	3.2e-05	0.0015456799999999998	0.02213408	2e-12	2e-12	2e-12
*28/*5	0.044880079999999996	2e-12	0.0031840199999999996	1.6e-05	0.0015456799999999998	0.02213408	2e-12	2e-12	2e-12
*28/*6	0.044880079999999996	2e-12	0.0031840199999999996	3.2e-05	0.0015456799999999998	0.02213408	2e-12	2e-12	2e-12
*28/*7	0.044880079999999996	2e-12	0.0031840199999999996	3.2e-05	0.00011119999999999999	0.02213408	2e-12	2e-12	2e-12
*28/*8	0.044880079999999996	2e-12	0.0031840199999999996	3.2e-05	5.5599999999999996e-05	0.02213408	2e-12	2e-12	2e-12
*28/*9	0.044880079999999996	2e-12	0.0031840199999999996	3.2e-05	0.0015456799999999998	0.00029456	2e-12	2e-12	2e-12
*29/*29	0.022440039999999998	1e-12	0.0015920099999999998	1.6e-05	0.0007728399999999999	0.01106704	1e-12	1e-12	1e-12
*29/*3	0.00023967999999999998	2e-12	0.0031840199999999996	3.2e-05	0.0003892	0.00151488	2e-12	2e-12	2e-12
*29/*30	0.044880079999999996	2e-12	0.0031840199999999996	3.2e-05	0.0015456799999999998	0.02213408	2e-12	2e-12	2e-12
*29/*31	0.044880079999999996	2e-12	0.0031840199999999996	3.2e-05	0.0015456799999999998	0.02213408	2e-12	2e-12	2e-12
*29/*32	0.044880079999999996	2e-12	0.0031840199999999996	3.2e-05	0.0015456799999999998	0.02213408	2e-12	2e-12	2e-12
*29/*33	0.044880079999999996	2e-12	0.0031840199999999996	3.2e-05	0.0015456799999999998	0.02213408	2e-12	2e-12	2e-12
*29/*34	0.044880079999999996	2e-12	0.0031840199999999996	3.2e-05	0.0015456799999999998	0.02213408	2e-12	2e-12	2e-12
*29/*35	0.044880079999999996	2e-12	0.0031840199999999996	3.2e-05	5.5599999999999996e-05	0.02213408	2e-12	2e-12	2e-12
*29/*4	0.044880079999999996	2e-12	0.0031840199999999996	3.2e-05	0.0015456799999999998	0.02213408	2e-12	2e-12	2e-12
*29/*5	0.044880079999999996	2e-12	0.0031840199999999996	1.6e-05	0.0015456799999999998	0.02213408	2e-12	2e-12	2e-12
*29/*6	0.044880079999999996	2e-12	0.0031840199999999996	3.2e-05	0.0015456799999999998	0.02213408	2e-12	2e-12	2e-12
*29/*7	0.044880079999999996	2e-12	0.0031840199999999996	3.2e-05	0.00011119999999999999	0.02213408	2e-12	2e-12	2e-12
*29/*8	0.044880079999999996	2e-12	0.0031840199999999996	3.2e-05	5.5599999999999996e-05	0.02213408	2e-12	2e-12	2e-12
*29/*9	0.044880079999999996	2e-12	0.0031840199999999996	3.2e-05	0.0015456799999999998	0.00029456	2e-12	2e-12	2e-12
*3/*3	6.4e-07	1e-12	0.0015920099999999998	1.6e-05	4.9000000000000005e-05	5.184e-05	1e-12	1e-12	1e-12
*3/*30	0.00023967999999999998	2e-12	0.0031840199999999996	3.2e-05	0.0003892	0.00151488	2e-12	2e-12	2e-12
*3/*31	0.00023967999999999998	2e-12	0.0031840199999999996	3.2e-05	0.0003892	0.00151488	2e-12	2e-12	2e-12
*3/*32	0.00023967999999999998	2e-12	0.0031840199999999996	3.2e-05	0.0003892	0.00151488	2e-12	2e-12	2e-12
*3/*33	0.00023967999999999998	2e-12	0.0031840199999999996	3.2e-05	0.0003892	0.00151488	2e-12	2e-12	2e-12
*3/*34	0.00023967999999999998	2e-12	0.0031840199999999996	3.2e-05	0.0003892	0.00151488	2e-12	2e-12	2e-12
*3/*35	0.00023967999999999998	2e-12	0.0031840199999999996	3.2e-05	1.4e-05	0.00151488	2e-12	2e-12	2e-12
*3/*4	0.00023967999999999998	2e-12	0.0031840199999999996	3.2e-05	0.0003892	0.00151488	2e-12	2e-12	2e-12
*3/*5	0.00023967999999999998	2e-12	0.0031840199999999996	1.6e-05	0.0003892	0.00151488	2e-12	2e-12	2e-12
*3/*6	0.00023967999999999998	2e-12	0.0031840199999999996	3.2e-05	0.0003892	0.00151488	2e-12	2e-12	2e-12
*3/*7	0.00023967999999999998	2e-12	0.0031840199999999996	3.2e-05	2.8e-05	0.00151488	2e-12	2e-12	2e-12
*3/*8	0.00023967999999999998	2e-12	0.0031840199999999996	3.2e-05	1.4e-05	0.00151488	2e-12	2e-12	2e-12
*3/*9	0.00023967999999999998	2e-12	0.0031840199999999996	3.2e-05	0.0003892	2.016e-05	2e-12	2e-12	2e-12
*30/*30	0.022440039999999998	1e-12	0.0015920099999999998	1.6e-05	0.0007728399999999999	0.01106704	1e-12	1e-12	1e-12
*30/*31	0.044880079999999996	2e-12	0.0031840199999999996	3.2e-05	0.0015456799999999998	0.02213408	2e-12	2e-12	2e-12
*30/*32	0.044880079999999996	2e-12	0.0031840199999999996	3.2e-05	0.0015456799999999998	0.02213408	2e-12	2e-12	2e-12
*30/*33	0.044880079999999996	2e-12	0.0031840199999999996	3.2e-05	0.0015456799999999998	0.02213408	2e-12	2e-12	2e-12
*30/*34	0.044880079999999996	2e-12	0.0031840199999999996	3.2e-05	0.0015456799999999998	0.02213408	2e-12	2e-12	2e-12
*30/*35	0.044880079999999996	2e-12	0.0031840199999999996	3.2e-05	5.5599999999999996e-05	0.02213408	2e-12	2e-12	2e-12
*30/*4	0.044880079999999996	2e-12	0.0031840199999999996	3.2e-05	0.0015456799999999998	0.02213408	2e-12	2e-12	2e-12
*30/*5	0.044880079999999996	2e-12	0.0031840199999999996	1.6e-05	0.0015456799999999998	0.02213408	2e-12	2e-12	2e-12
*30/*6	0.044880079999999996	2e-12	0.0031840199999999996	3.2e-05	0.0015456799999999998	0.02213408	2e-12	2e-12	2e-12
*30/*7	0.044880079999999996	2e-12	0.0031840199999999996	3.2e-05	0.00011119999999999999	0.02213408	2e-12	2e-12	2e-12
*30/*8	0.044880079999999996	2e-12	0.0031840199999999996	3.2e-05	5.5599999999999996e-05	0.02213408	2e-12	2e-12	2e-12
*30/*9	0.044880079999999996	2e-12	0.0031840199999999996	3.2e-05	0.0015456799999999998	0.00029456	2e-12	2e-12	2e-12
*31/*31	0.022440039999999998	1e-12	0.0015920099999999998	1.6e-05	0.0007728399999999999	0.01106704	1e-12	1e-12	1e-12
*31/*32	0.044880079999999996	2e-12	0.0031840199999999996	3.2e-05	0.0015456799999999998	0.02213408	2e-12	2e-12	2e-12
*31/*33	0.044880079999999996	2e-12	0.0031840199999999996	3.2e-05	0.0015456799999999998	0.02213408	2e-12	2e-12	2e-12
*31/*34	0.044880079999999996	2e-12	0.0031840199999999996	3.2e-05	0.0015456799999999998	0.02213408	2e-12	2e-12	2e-12
*31/*35	0.044880079999999996	2e-12	0.0031840199999999996	3.2e-05	5.5599999999999996e-05	0.02213408	2e-12	2e-12	2e-12
*31/*4	0.044880079999999996	2e-12	0.0031840199999999996	3.2e-05	0.0015456799999999998	0.02213408	2e-12	2e-12	2e-12
*31/*5	0.044880079999999996	2e-12	0.0031840199999999996	1.6e-05	0.0015456799999999998	0.02213408	2e-12	2e-12	2e-12
*31/*6	0.044880079999999996	2e-12	0.0031840199999999996	3.2e-05	0.0015456799999999998	0.02213408	2e-12	2e-12	2e-12
*31/*7	0.044880079999999996	2e-12	0.0031840199999999996	3.2e-05	0.00011119999999999999	0.02213408	2e-12	2e-12	2e-12
*31/*8	0.044880079999999996	2e-12	0.0031840199999999996	3.2e-05	5.5599999999999996e-05	0.02213408	2e-12	2e-12	2e-12
*31/*9	0.044880079999999996	2e-12	0.0031840199999999996	3.2e-05	0.0015456799999999998	0.00029456	2e-12	2e-12	2e-12
*32/*32	0.022440039999999998	1e-12	0.0015920099999999998	1.6e-05	0.0007728399999999999	0.01106704	1e-12	1e-12	1e-12
*32/*33	0.044880079999999996	2e-12	0.0031840199999999996	3.2e-05	0.0015456799999999998	0.02213408	2e-12	2e-12	2e-12
*32/*34	0.044880079999999996	2e-12	0.0031840199999999996	3.2e-05	0.0015456799999999998	0.02213408	2e-12	2e-12	2e-12
*32/*35	0.044880079999999996	2e-12	0.0031840199999999996	3.2e-05	5.5599999999999996e-05	0.02213408	2e-12	2e-12	2e-12
*32/*4	0.044880079999999996	2e-12	0.0031840199999999996	3.2e-05	0.0015456799999999998	0.02213408	2e-12	2e-12	2e-12
*32/*5	0.044880079999999996	2e-12	0.0031840199999999996	1.6e-05	0.0015456799999999998	0.02213408	2e-12	2e-12	2e-12
*32/*6	0.044880079999999996	2e-12	0.0031840199999999996	3.2e-05	0.0015456799999999998	0.02213408	2e-12	2e-12	2e-12
*32/*7	0.044880079999999996	2e-12	0.0031840199999999996	3.2e-05	0.00011119999999999999	0.02213408	2e-12	2e-12	2e-12
*32/*8	0.044880079999999996	2e-12	0.0031840199999999996	3.2e-05	5.5599999999999996e-05	0.02213408	2e-12	2e-12	2e-12
*32/*9	0.044880079999999996	2e-12	0.0031840199999999996	3.2e-05	0.0015456799999999998	0.00029456	2e-12	2e-12	2e-12
*33/*33	0.022440039999999998	1e-12	0.0015920099999999998	1.6e-05	0.0007728399999999999	0.01106704	1e-12	1e-12	1e-12
*33/*34	0.044880079999999996	2e-12	0.0031840199999999996	3.2e-05	0.0015456799999999998	0.02213408	2e-12	2e-12	2e-12
*33/*35	0.044880079999999996	2e-12	0.0031840199999999996	3.2e-05	5.5599999999999996e-05	0.02213408	2e-12	2e-12	2e-12
*33/*4	0.044880079999999996	2e-12	0.0031840199999999996	3.2e-05	0.0015456799999999998	0.02213408	2e-12	2e-12	2e-12
*33/*5	0.044880079999999996	2e-12	0.0031840199999999996	1.6e-05	0.0015456799999999998	0.02213408	2e-12	2e-12	2e-12
*33/*6	0.044880079999999996	2e-12	0.0031840199999999996	3.2e-05	0.0015456799999999998	0.02213408	2e-12	2e-12	2e-12
*33/*7	0.044880079999999996	2e-12	0.0031840199999999996	3.2e-05	0.00011119999999999999	0.02213408	2e-12	2e-12	2e-12
*33/*8	0.044880079999999996	2e-12	0.0031840199999999996	3.2e-05	5.5599999999999996e-05	0.02213408	2e-12	2e-12	2e-12
*33/*9	0.044880079999999996	2e-12	0.0031840199999999996	3.2e-05	0.0015456799999999998	0.00029456	2e-12	2e-12	2e-12
*34/*34	0.022440039999999998	1e-12	0.0015920099999999998	1.6e-05	0.0007728399999999999	0.01106704	1e-12	1e-12	1e-12
*34/*35	0.044880079999999996	2e-12	0.0031840199999999996	3.2e-05	5.5599999999999996e-05	0.02213408	2e-12	2e-12	2e-12
*34/*4	0.044880079999999996	2e-12	0.0031840199999999996	3.2e-05	0.0015456799999999998	0.02213408	2e-12	2e-12	2e-12
*34/*5	0.044880079999999996	2e-12	0.0031840199999999996	1.6e-05	0.0015456799999999998	0.02213408	2e-12	2e-12	2e-12
*34/*6	0.044880079999999996	2e-12	0.0031840199999999996	3.2e-05	0.0015456799999999998	0.02213408	2e-12	2e-12	2e-12
*34/*7	0.044880079999999996	2e-12	0.0031840199999999996	3.2e-05	0.00011119999999999999	0.02213408	2e-12	2e-12	2e-12
*34/*8	0.044880079999999996	2e-12	0.0031840199999999996	3.2e-05	5.5599999999999996e-05	0.02213408	2e-12	2e-12	2e-12
*34/*9	0.044880079999999996	2e-12	0.0031840199999999996	3.2e-05	0.0015456799999999998	0.00029456	2e-12	2e-12	2e-12
*35/*35	0.022440039999999998	1e-12	0.0015920099999999998	1.6e-05	1e-06	0.01106704	1e-12	1e-12	1e-12
*35/*4	0.044880079999999996	2e-12	0.0031840199999999996	3.2e-05	5.5599999999999996e-05	0.02213408	2e-12	2e-12	2e-12
*35/*5	0.044880079999999996	2e-12	0.0031840199999999996	1.6e-05	5.5599999999999996e-05	0.02213408	2e-12	2e-12	2e-12
*35/*6	0.044880079999999996	2e-12	0.0031840199999999996	3.2e-05	5.5599999999999996e-05	0.02213408	2e-12	2e-12	2e-12
*35/*7	0.044880079999999996	2e-12	0.0031840199999999996	3.2e-05	4e-06	0.02213408	2e-12	2e-12	2e-12
*35/*8	0.044880079999999996	2e-12	0.0031840199999999996	3.2e-05	2e-06	0.02213408	2e-12	2e-12	2e-12
*35/*9	0.044880079999999996	2e-12	0.0031840199999999996	3.2e-05	5.5599999999999996e-05	0.00029456	2e-12	2e-12	2e-12
*4/*4	0.022440039999999998	1e-12	0.0015920099999999998	1.6e-05	0.0007728399999999999	0.01106704	1e-12	1e-12	1e-12
*4/*5	0.044880079999999996	2e-12	0.0031840199999999996	1.6e-05	0.0015456799999999998	0.02213408	2e-12	2e-12	2e-12
*4/*6	0.044880079999999996	2e-12	0.0031840199999999996	3.2e-05	0.0015456799999999998	0.02213408	2e-12	2e-12	2e-12
*4/*7	0.044880079999999996	2e-12	0.0031840199999999996	3.2e-05	0.00011119999999999999	0.02213408	2e-12	2e-12	2e-12
*4/*8	0.044880079999999996	2e-12	0.0031840199999999996	3.2e-05	5.5599999999999996e-05	0.02213408	2e-12	2e-12	2e-12
*4/*9	0.044880079999999996	2e-12	0.0031840199999999996	3.2e-05	0.0015456799999999998	0.00029456	2e-12	2e-12	2e-12
*5/*5	0.022440039999999998	1e-12	0.0015920099999999998	4e-06	0.0007728399999999999	0.01106704	1e-12	1e-12	1e-12
*5/*6	0.044880079999999996	2e-12	0.0031840199999999996	1.6e-05	0.0015456799999999998	0.02213408	2e-12	2e-12	2e-12
*5/*7	0.044880079999999996	2e-12	0.0031840199999999996	1.6e-05	0.00011119999999999999	0.02213408	2e-12	2e-12	2e-12
*5/*8	0.044880079999999996	2e-12	0.0031840199999999996	1.6e-05	5.5599999999999996e-05	0.02213408	2e-12	2e-12	2e-12
*5/*9	0.044880079999999996	2e-12	0.0031840199999999996	1.6e-05	0.0015456799999999998	0.00029456	2e-12	2e-12	2e-12
*6/*6	0.022440039999999998	1e-12	0.0015920099999999998	1.6e-05	0.0007728399999999999	0.01106704	1e-12	1e-12	1e-12
*6/*7	0.044880079999999996	2e-12	0.0031840199999999996	3.2e-05	0.00011119999999999999	0.02213408	2e-12	2e-12	2e-12
*6/*8	0.044880079999999996	2e-12	0.0031840199999999996	3.2e-05	5.5599999999999996e-05	0.02213408	2e-12	2e-12	2e-12
*6/*9	0.044880079999999996	2e-12	0.0031840199999999996	3.2e-05	0.0015456799999999998	0.00029456	2e-12	2e-12	2e-12
*7/*7	0.022440039999999998	1e-12	0.0015920099999999998	1.6e-05	4e-06	0.01106704	1e-12	1e-12	1e-12
*7/*8	0.044880079999999996	2e-12	0.0031840199999999996	3.2e-05	4e-06	0.02213408	2e-12	2e-12	2e-12
*7/*9	0.044880079999999996	2e-12	0.0031840199999999996	3.2e-05	0.00011119999999999999	0.00029456	2e-12	2e-12	2e-12
*8/*8	0.022440039999999998	1e-12	0.0015920099999999998	1.6e-05	1e-06	0.01106704	1e-12	1e-12	1e-12
*8/*9	0.044880079999999996	2e-12	0.0031840199999999996	3.2e-05	5.5599999999999996e-05	0.00029456	2e-12	2e-12	2e-12
*9/*9	0.022440039999999998	1e-12	0.0015920099999999998	1.6e-05	0.0007728399999999999	1.96e-06	1e-12	1e-12	1e-12
