CYP4F2_allele	African_American_Afro_Caribbean	American	Central_South_Asian	East_Asian	European	Latino	Near_Eastern	Oceanian	Sub_Saharan_African
*1/*1	0.8534064399999999	0.34715663999999996	0.3579628900000001	0.60233121	0.4872039999999999	0.6533488900000001	0.36048016000000005	1e-12	0.8550700899999999
*1/*2	9.238e-07	5.891999999999999e-07	5.983000000000001e-07	7.761e-07	6.979999999999999e-07	8.083e-07	6.004e-07	1e-12	9.246999999999999e-07
*1/*3	0.07039356	0.24204335999999999	0.24033711000000002	0.17376879	0.21079599999999998	0.15495111	0.23991984000000002	1e-12	0.06962991
*2/*1	9.238e-07	5.891999999999999e-07	5.983000000000001e-07	7.761e-07	6.979999999999999e-07	8.083e-07	6.004e-07	1e-12	9.246999999999999e-07
*2/*2	1e-12	1e-12	1e-12	1e-12	1e-12	1e-12	1e-12	1e-12	1e-12
*2/*3	7.62e-08	4.108e-07	4.017e-07	2.2389999999999999e-07	3.02e-07	1.917e-07	3.996e-07	1e-12	7.53e-08
*3/*1	0.07039356	0.24204335999999999	0.24033711000000002	0.17376879	0.21079599999999998	0.15495111	0.23991984000000002	1e-12	0.06962991
*3/*2	7.62e-08	4.108e-07	4.017e-07	2.2389999999999999e-07	3.02e-07	1.917e-07	3.996e-07	1e-12	7.53e-08
*3/*3	0.00580644	0.16875663999999999	0.16136289	0.050131209999999995	0.091204	0.036748890000000006	0.15968016000000002	1e-12	0.005670090000000001
