MT_RNR1_allele	African_American_Afro_Caribbean	American	Central_South_Asian	East_Asian	European	Latino	Near_Eastern	Oceanian	Sub_Saharan_African
663A>G/663A>G	1e-12	1e-12	1.0889999999999999e-05	0.00249001	2.25e-06	1e-12	1e-12	1e-12	1e-12
663A>G/669T>C	1e-12	1e-12	3.2999999999999998e-09	4.99e-08	3.75e-06	1e-12	1e-12	1e-12	1e-12
663A>G/747A>G	1e-12	1e-12	4.29e-06	4.99e-08	1.5e-09	1e-12	1e-12	1e-12	1e-12
663A>G/786G>A	1e-12	1e-12	3.2999999999999998e-09	4.99e-08	1.5e-09	1e-12	1e-12	1e-12	1e-12
663A>G/807A>C	1e-12	1e-12	3.2999999999999998e-09	4.99e-08	1.5e-09	1e-12	1e-12	1e-12	1e-12
663A>G/807A>G	1e-12	1e-12	3.2999999999999998e-09	4.99e-08	1.5e-09	1e-12	1e-12	1e-12	1e-12
663A>G/827A>G	1e-12	1e-12	3.2999999999999998e-09	0.00176147	2.7e-06	1e-12	1e-12	1e-12	1e-12
663A>G/839A>G	1e-12	1e-12	3.2999999999999998e-09	4.99e-08	1.5000000000000002e-07	1e-12	1e-12	1e-12	1e-12
663A>G/896A>G	1e-12	1e-12	3.2999999999999998e-09	4.99e-08	4.5e-06	1e-12	1e-12	1e-12	1e-12
663A>G/930A>G	1e-12	1e-12	2.442e-05	0.00020459000000000002	6.48e-05	1e-12	3.4099999999999994e-08	1e-12	1e-12
663A>G/951G>A	1e-12	1e-12	2.31e-06	0.00016966	1.935e-05	1e-12	1e-12	1e-12	1e-12
663A>G/960C>del	1e-12	1e-12	3.2999999999999998e-09	4.99e-08	1.5e-09	1e-12	1e-12	1e-12	1e-12
663A>G/961T>G	1e-12	1e-12	3.2999999999999998e-09	4.99e-08	2.055e-05	1e-12	4.899999999999999e-09	1e-12	1e-12
663A>G/961T>del	1e-12	1e-12	3.2999999999999998e-09	4.99e-08	1.5e-09	1e-12	1e-12	1e-12	1e-12
663A>G/961T>del+Cn	1e-12	1e-12	3.2999999999999998e-09	0.00247005	3.9e-06	1e-12	1e-12	1e-12	6.859999999999999e-08
663A>G/988G>A	1e-12	1e-12	3.2999999999999998e-09	4.99e-08	1.65e-06	1e-12	1e-12	1e-12	1e-12
663A>G/1095T>C	1e-12	1e-12	2.31e-06	7.485e-05	9e-07	1e-12	1e-12	1e-12	1e-12
663A>G/1189T>C	1e-12	1e-12	2.211e-05	3.493e-05	8.49e-05	1e-12	2.285e-07	1e-12	1e-12
663A>G/1243T>C	1e-12	1e-12	8.613e-05	3.493e-05	3.495e-05	1e-12	1.6299999999999997e-08	1e-12	1e-12
663A>G/1494C>T	1e-12	1e-12	2.31e-06	4.99e-08	4.5e-07	1e-12	1e-12	1e-12	1e-12
663A>G/1520T>C	1e-12	1e-12	3.2999999999999998e-09	0.00043912000000000004	3.0000000000000004e-07	1e-12	1e-12	1e-12	1e-12
663A>G/1537C>T	1e-12	1e-12	3.2999999999999998e-09	4.99e-08	6.000000000000001e-07	1e-12	1e-12	1e-12	1e-12
663A>G/1555A>G	1e-12	1e-12	3.6300000000000004e-06	0.0009031900000000001	1.65e-06	1e-12	1.4e-09	1e-12	3e-09
663A>G/1556C>T	1e-12	1e-12	3.2999999999999998e-09	4.99e-08	1.5e-09	1e-12	1e-12	1e-12	1e-12
663A>G/Reference	1e-12	1e-12	0.00322806	0.04877725	0.00147915	1e-12	9.07e-07	1e-12	9.741e-07
669T>C/663A>G	1e-12	1e-12	3.2999999999999998e-09	4.99e-08	3.75e-06	1e-12	1e-12	1e-12	1e-12
669T>C/669T>C	1e-12	1e-12	1e-12	1e-12	6.25e-06	1e-12	1e-12	1e-12	1e-12
669T>C/747A>G	1e-12	1e-12	1.2999999999999999e-09	1e-12	2.5e-09	1e-12	1e-12	1e-12	1e-12
669T>C/786G>A	1e-12	1e-12	1e-12	1e-12	2.5e-09	1e-12	1e-12	1e-12	1e-12
669T>C/807A>C	1e-12	1e-12	1e-12	1e-12	2.5e-09	1e-12	1e-12	1e-12	1e-12
669T>C/807A>G	1e-12	1e-12	1e-12	1e-12	2.5e-09	1e-12	1e-12	1e-12	1e-12
669T>C/827A>G	1e-12	1e-12	1e-12	3.53e-08	4.5e-06	1e-12	1e-12	1e-12	1e-12
669T>C/839A>G	1e-12	1e-12	1e-12	1e-12	2.5000000000000004e-07	1e-12	1e-12	1e-12	1e-12
669T>C/896A>G	1e-12	1e-12	1e-12	1e-12	7.5e-06	1e-12	1e-12	1e-12	1e-12
669T>C/930A>G	1e-12	1e-12	7.4e-09	4.1e-09	0.00010800000000000001	1e-12	3.4099999999999994e-08	1e-12	1e-12
669T>C/951G>A	1e-12	1e-12	7e-10	3.4e-09	3.225e-05	1e-12	1e-12	1e-12	1e-12
669T>C/960C>del	1e-12	1e-12	1e-12	1e-12	2.5e-09	1e-12	1e-12	1e-12	1e-12
669T>C/961T>G	1e-12	1e-12	1e-12	1e-12	3.425e-05	1e-12	4.899999999999999e-09	1e-12	1e-12
669T>C/961T>del	1e-12	1e-12	1e-12	1e-12	2.5e-09	1e-12	1e-12	1e-12	1e-12
669T>C/961T>del+Cn	1e-12	1e-12	1e-12	4.95e-08	6.5e-06	1e-12	1e-12	1e-12	6.859999999999999e-08
669T>C/988G>A	1e-12	1e-12	1e-12	1e-12	2.7500000000000004e-06	1e-12	1e-12	1e-12	1e-12
669T>C/1095T>C	1e-12	1e-12	7e-10	1.5e-09	1.4999999999999998e-06	1e-12	1e-12	1e-12	1e-12
669T>C/1189T>C	1e-12	1e-12	6.7e-09	7e-10	0.0001415	1e-12	2.285e-07	1e-12	1e-12
669T>C/1243T>C	1e-12	1e-12	2.6100000000000002e-08	7e-10	5.8250000000000006e-05	1e-12	1.6299999999999997e-08	1e-12	1e-12
669T>C/1494C>T	1e-12	1e-12	7e-10	1e-12	7.499999999999999e-07	1e-12	1e-12	1e-12	1e-12
669T>C/1520T>C	1e-12	1e-12	1e-12	8.8e-09	5.000000000000001e-07	1e-12	1e-12	1e-12	1e-12
669T>C/1537C>T	1e-12	1e-12	1e-12	1e-12	1.0000000000000002e-06	1e-12	1e-12	1e-12	1e-12
669T>C/1555A>G	1e-12	1e-12	1.1e-09	1.81e-08	2.7500000000000004e-06	1e-12	1.4e-09	1e-12	3e-09
669T>C/1556C>T	1e-12	1e-12	1e-12	1e-12	2.5e-09	1e-12	1e-12	1e-12	1e-12
669T>C/Reference	1e-12	1e-12	9.782e-07	9.775e-07	0.00246525	1e-12	9.07e-07	1e-12	9.741e-07
747A>G/663A>G	1e-12	1e-12	4.29e-06	4.99e-08	1.5e-09	1e-12	1e-12	1e-12	1e-12
747A>G/669T>C	1e-12	1e-12	1.2999999999999999e-09	1e-12	2.5e-09	1e-12	1e-12	1e-12	1e-12
747A>G/747A>G	1e-12	1e-12	1.69e-06	1e-12	1e-12	1e-12	1e-12	1e-12	1e-12
747A>G/786G>A	1e-12	1e-12	1.2999999999999999e-09	1e-12	1e-12	1e-12	1e-12	1e-12	1e-12
747A>G/807A>C	1e-12	1e-12	1.2999999999999999e-09	1e-12	1e-12	1e-12	1e-12	1e-12	1e-12
747A>G/807A>G	1e-12	1e-12	1.2999999999999999e-09	1e-12	1e-12	1e-12	1e-12	1e-12	1e-12
747A>G/827A>G	1e-12	1e-12	1.2999999999999999e-09	3.53e-08	1.7999999999999998e-09	1e-12	1e-12	1e-12	1e-12
747A>G/839A>G	1e-12	1e-12	1.2999999999999999e-09	1e-12	1e-10	1e-12	1e-12	1e-12	1e-12
747A>G/896A>G	1e-12	1e-12	1.2999999999999999e-09	1e-12	3e-09	1e-12	1e-12	1e-12	1e-12
747A>G/930A>G	1e-12	1e-12	9.62e-06	4.1e-09	4.32e-08	1e-12	3.4099999999999994e-08	1e-12	1e-12
747A>G/951G>A	1e-12	1e-12	9.1e-07	3.4e-09	1.29e-08	1e-12	1e-12	1e-12	1e-12
747A>G/960C>del	1e-12	1e-12	1.2999999999999999e-09	1e-12	1e-12	1e-12	1e-12	1e-12	1e-12
747A>G/961T>G	1e-12	1e-12	1.2999999999999999e-09	1e-12	1.37e-08	1e-12	4.899999999999999e-09	1e-12	1e-12
747A>G/961T>del	1e-12	1e-12	1.2999999999999999e-09	1e-12	1e-12	1e-12	1e-12	1e-12	1e-12
747A>G/961T>del+Cn	1e-12	1e-12	1.2999999999999999e-09	4.95e-08	2.5999999999999997e-09	1e-12	1e-12	1e-12	6.859999999999999e-08
747A>G/988G>A	1e-12	1e-12	1.2999999999999999e-09	1e-12	1.1e-09	1e-12	1e-12	1e-12	1e-12
747A>G/1095T>C	1e-12	1e-12	9.1e-07	1.5e-09	5.999999999999999e-10	1e-12	1e-12	1e-12	1e-12
747A>G/1189T>C	1e-12	1e-12	8.71e-06	7e-10	5.66e-08	1e-12	2.285e-07	1e-12	1e-12
747A>G/1243T>C	1e-12	1e-12	3.393e-05	7e-10	2.33e-08	1e-12	1.6299999999999997e-08	1e-12	1e-12
747A>G/1494C>T	1e-12	1e-12	9.1e-07	1e-12	2.9999999999999995e-10	1e-12	1e-12	1e-12	1e-12
747A>G/1520T>C	1e-12	1e-12	1.2999999999999999e-09	8.8e-09	2e-10	1e-12	1e-12	1e-12	1e-12
747A>G/1537C>T	1e-12	1e-12	1.2999999999999999e-09	1e-12	4e-10	1e-12	1e-12	1e-12	1e-12
747A>G/1555A>G	1e-12	1e-12	1.43e-06	1.81e-08	1.1e-09	1e-12	1.4e-09	1e-12	3e-09
747A>G/1556C>T	1e-12	1e-12	1.2999999999999999e-09	1e-12	1e-12	1e-12	1e-12	1e-12	1e-12
747A>G/Reference	1e-12	1e-12	0.00127166	9.775e-07	9.861e-07	1e-12	9.07e-07	1e-12	9.741e-07
786G>A/663A>G	1e-12	1e-12	3.2999999999999998e-09	4.99e-08	1.5e-09	1e-12	1e-12	1e-12	1e-12
786G>A/669T>C	1e-12	1e-12	1e-12	1e-12	2.5e-09	1e-12	1e-12	1e-12	1e-12
786G>A/747A>G	1e-12	1e-12	1.2999999999999999e-09	1e-12	1e-12	1e-12	1e-12	1e-12	1e-12
786G>A/786G>A	1e-12	1e-12	1e-12	1e-12	1e-12	1e-12	1e-12	1e-12	1e-12
786G>A/807A>C	1e-12	1e-12	1e-12	1e-12	1e-12	1e-12	1e-12	1e-12	1e-12
786G>A/807A>G	1e-12	1e-12	1e-12	1e-12	1e-12	1e-12	1e-12	1e-12	1e-12
786G>A/827A>G	1e-12	1e-12	1e-12	3.53e-08	1.7999999999999998e-09	1e-12	1e-12	1e-12	1e-12
786G>A/839A>G	1e-12	1e-12	1e-12	1e-12	1e-10	1e-12	1e-12	1e-12	1e-12
786G>A/896A>G	1e-12	1e-12	1e-12	1e-12	3e-09	1e-12	1e-12	1e-12	1e-12
786G>A/930A>G	1e-12	1e-12	7.4e-09	4.1e-09	4.32e-08	1e-12	3.4099999999999994e-08	1e-12	1e-12
786G>A/951G>A	1e-12	1e-12	7e-10	3.4e-09	1.29e-08	1e-12	1e-12	1e-12	1e-12
786G>A/960C>del	1e-12	1e-12	1e-12	1e-12	1e-12	1e-12	1e-12	1e-12	1e-12
786G>A/961T>G	1e-12	1e-12	1e-12	1e-12	1.37e-08	1e-12	4.899999999999999e-09	1e-12	1e-12
786G>A/961T>del	1e-12	1e-12	1e-12	1e-12	1e-12	1e-12	1e-12	1e-12	1e-12
786G>A/961T>del+Cn	1e-12	1e-12	1e-12	4.95e-08	2.5999999999999997e-09	1e-12	1e-12	1e-12	6.859999999999999e-08
786G>A/988G>A	1e-12	1e-12	1e-12	1e-12	1.1e-09	1e-12	1e-12	1e-12	1e-12
786G>A/1095T>C	1e-12	1e-12	7e-10	1.5e-09	5.999999999999999e-10	1e-12	1e-12	1e-12	1e-12
786G>A/1189T>C	1e-12	1e-12	6.7e-09	7e-10	5.66e-08	1e-12	2.285e-07	1e-12	1e-12
786G>A/1243T>C	1e-12	1e-12	2.6100000000000002e-08	7e-10	2.33e-08	1e-12	1.6299999999999997e-08	1e-12	1e-12
786G>A/1494C>T	1e-12	1e-12	7e-10	1e-12	2.9999999999999995e-10	1e-12	1e-12	1e-12	1e-12
786G>A/1520T>C	1e-12	1e-12	1e-12	8.8e-09	2e-10	1e-12	1e-12	1e-12	1e-12
786G>A/1537C>T	1e-12	1e-12	1e-12	1e-12	4e-10	1e-12	1e-12	1e-12	1e-12
786G>A/1555A>G	1e-12	1e-12	1.1e-09	1.81e-08	1.1e-09	1e-12	1.4e-09	1e-12	3e-09
786G>A/1556C>T	1e-12	1e-12	1e-12	1e-12	1e-12	1e-12	1e-12	1e-12	1e-12
786G>A/Reference	1e-12	1e-12	9.782e-07	9.775e-07	9.861e-07	1e-12	9.07e-07	1e-12	9.741e-07
807A>C/663A>G	1e-12	1e-12	3.2999999999999998e-09	4.99e-08	1.5e-09	1e-12	1e-12	1e-12	1e-12
807A>C/669T>C	1e-12	1e-12	1e-12	1e-12	2.5e-09	1e-12	1e-12	1e-12	1e-12
807A>C/747A>G	1e-12	1e-12	1.2999999999999999e-09	1e-12	1e-12	1e-12	1e-12	1e-12	1e-12
807A>C/786G>A	1e-12	1e-12	1e-12	1e-12	1e-12	1e-12	1e-12	1e-12	1e-12
807A>C/807A>C	1e-12	1e-12	1e-12	1e-12	1e-12	1e-12	1e-12	1e-12	1e-12
807A>C/807A>G	1e-12	1e-12	1e-12	1e-12	1e-12	1e-12	1e-12	1e-12	1e-12
807A>C/827A>G	1e-12	1e-12	1e-12	3.53e-08	1.7999999999999998e-09	1e-12	1e-12	1e-12	1e-12
807A>C/839A>G	1e-12	1e-12	1e-12	1e-12	1e-10	1e-12	1e-12	1e-12	1e-12
807A>C/896A>G	1e-12	1e-12	1e-12	1e-12	3e-09	1e-12	1e-12	1e-12	1e-12
807A>C/930A>G	1e-12	1e-12	7.4e-09	4.1e-09	4.32e-08	1e-12	3.4099999999999994e-08	1e-12	1e-12
807A>C/951G>A	1e-12	1e-12	7e-10	3.4e-09	1.29e-08	1e-12	1e-12	1e-12	1e-12
807A>C/960C>del	1e-12	1e-12	1e-12	1e-12	1e-12	1e-12	1e-12	1e-12	1e-12
807A>C/961T>G	1e-12	1e-12	1e-12	1e-12	1.37e-08	1e-12	4.899999999999999e-09	1e-12	1e-12
807A>C/961T>del	1e-12	1e-12	1e-12	1e-12	1e-12	1e-12	1e-12	1e-12	1e-12
807A>C/961T>del+Cn	1e-12	1e-12	1e-12	4.95e-08	2.5999999999999997e-09	1e-12	1e-12	1e-12	6.859999999999999e-08
807A>C/988G>A	1e-12	1e-12	1e-12	1e-12	1.1e-09	1e-12	1e-12	1e-12	1e-12
807A>C/1095T>C	1e-12	1e-12	7e-10	1.5e-09	5.999999999999999e-10	1e-12	1e-12	1e-12	1e-12
807A>C/1189T>C	1e-12	1e-12	6.7e-09	7e-10	5.66e-08	1e-12	2.285e-07	1e-12	1e-12
807A>C/1243T>C	1e-12	1e-12	2.6100000000000002e-08	7e-10	2.33e-08	1e-12	1.6299999999999997e-08	1e-12	1e-12
807A>C/1494C>T	1e-12	1e-12	7e-10	1e-12	2.9999999999999995e-10	1e-12	1e-12	1e-12	1e-12
807A>C/1520T>C	1e-12	1e-12	1e-12	8.8e-09	2e-10	1e-12	1e-12	1e-12	1e-12
807A>C/1537C>T	1e-12	1e-12	1e-12	1e-12	4e-10	1e-12	1e-12	1e-12	1e-12
807A>C/1555A>G	1e-12	1e-12	1.1e-09	1.81e-08	1.1e-09	1e-12	1.4e-09	1e-12	3e-09
807A>C/1556C>T	1e-12	1e-12	1e-12	1e-12	1e-12	1e-12	1e-12	1e-12	1e-12
807A>C/Reference	1e-12	1e-12	9.782e-07	9.775e-07	9.861e-07	1e-12	9.07e-07	1e-12	9.741e-07
807A>G/663A>G	1e-12	1e-12	3.2999999999999998e-09	4.99e-08	1.5e-09	1e-12	1e-12	1e-12	1e-12
807A>G/669T>C	1e-12	1e-12	1e-12	1e-12	2.5e-09	1e-12	1e-12	1e-12	1e-12
807A>G/747A>G	1e-12	1e-12	1.2999999999999999e-09	1e-12	1e-12	1e-12	1e-12	1e-12	1e-12
807A>G/786G>A	1e-12	1e-12	1e-12	1e-12	1e-12	1e-12	1e-12	1e-12	1e-12
807A>G/807A>C	1e-12	1e-12	1e-12	1e-12	1e-12	1e-12	1e-12	1e-12	1e-12
807A>G/807A>G	1e-12	1e-12	1e-12	1e-12	1e-12	1e-12	1e-12	1e-12	1e-12
807A>G/827A>G	1e-12	1e-12	1e-12	3.53e-08	1.7999999999999998e-09	1e-12	1e-12	1e-12	1e-12
807A>G/839A>G	1e-12	1e-12	1e-12	1e-12	1e-10	1e-12	1e-12	1e-12	1e-12
807A>G/896A>G	1e-12	1e-12	1e-12	1e-12	3e-09	1e-12	1e-12	1e-12	1e-12
807A>G/930A>G	1e-12	1e-12	7.4e-09	4.1e-09	4.32e-08	1e-12	3.4099999999999994e-08	1e-12	1e-12
807A>G/951G>A	1e-12	1e-12	7e-10	3.4e-09	1.29e-08	1e-12	1e-12	1e-12	1e-12
807A>G/960C>del	1e-12	1e-12	1e-12	1e-12	1e-12	1e-12	1e-12	1e-12	1e-12
807A>G/961T>G	1e-12	1e-12	1e-12	1e-12	1.37e-08	1e-12	4.899999999999999e-09	1e-12	1e-12
807A>G/961T>del	1e-12	1e-12	1e-12	1e-12	1e-12	1e-12	1e-12	1e-12	1e-12
807A>G/961T>del+Cn	1e-12	1e-12	1e-12	4.95e-08	2.5999999999999997e-09	1e-12	1e-12	1e-12	6.859999999999999e-08
807A>G/988G>A	1e-12	1e-12	1e-12	1e-12	1.1e-09	1e-12	1e-12	1e-12	1e-12
807A>G/1095T>C	1e-12	1e-12	7e-10	1.5e-09	5.999999999999999e-10	1e-12	1e-12	1e-12	1e-12
807A>G/1189T>C	1e-12	1e-12	6.7e-09	7e-10	5.66e-08	1e-12	2.285e-07	1e-12	1e-12
807A>G/1243T>C	1e-12	1e-12	2.6100000000000002e-08	7e-10	2.33e-08	1e-12	1.6299999999999997e-08	1e-12	1e-12
807A>G/1494C>T	1e-12	1e-12	7e-10	1e-12	2.9999999999999995e-10	1e-12	1e-12	1e-12	1e-12
807A>G/1520T>C	1e-12	1e-12	1e-12	8.8e-09	2e-10	1e-12	1e-12	1e-12	1e-12
807A>G/1537C>T	1e-12	1e-12	1e-12	1e-12	4e-10	1e-12	1e-12	1e-12	1e-12
807A>G/1555A>G	1e-12	1e-12	1.1e-09	1.81e-08	1.1e-09	1e-12	1.4e-09	1e-12	3e-09
807A>G/1556C>T	1e-12	1e-12	1e-12	1e-12	1e-12	1e-12	1e-12	1e-12	1e-12
807A>G/Reference	1e-12	1e-12	9.782e-07	9.775e-07	9.861e-07	1e-12	9.07e-07	1e-12	9.741e-07
827A>G/663A>G	1e-12	1e-12	3.2999999999999998e-09	0.00176147	2.7e-06	1e-12	1e-12	1e-12	1e-12
827A>G/669T>C	1e-12	1e-12	1e-12	3.53e-08	4.5e-06	1e-12	1e-12	1e-12	1e-12
827A>G/747A>G	1e-12	1e-12	1.2999999999999999e-09	3.53e-08	1.7999999999999998e-09	1e-12	1e-12	1e-12	1e-12
827A>G/786G>A	1e-12	1e-12	1e-12	3.53e-08	1.7999999999999998e-09	1e-12	1e-12	1e-12	1e-12
827A>G/807A>C	1e-12	1e-12	1e-12	3.53e-08	1.7999999999999998e-09	1e-12	1e-12	1e-12	1e-12
827A>G/807A>G	1e-12	1e-12	1e-12	3.53e-08	1.7999999999999998e-09	1e-12	1e-12	1e-12	1e-12
827A>G/827A>G	1e-12	1e-12	1e-12	0.0012460899999999998	3.24e-06	1e-12	1e-12	1e-12	1e-12
827A>G/839A>G	1e-12	1e-12	1e-12	3.53e-08	1.8e-07	1e-12	1e-12	1e-12	1e-12
827A>G/896A>G	1e-12	1e-12	1e-12	3.53e-08	5.4e-06	1e-12	1e-12	1e-12	1e-12
827A>G/930A>G	1e-12	1e-12	7.4e-09	0.00014473	7.776e-05	1e-12	3.4099999999999994e-08	1e-12	1e-12
827A>G/951G>A	1e-12	1e-12	7e-10	0.00012001999999999999	2.3219999999999998e-05	1e-12	1e-12	1e-12	1e-12
827A>G/960C>del	1e-12	1e-12	1e-12	3.53e-08	1.7999999999999998e-09	1e-12	1e-12	1e-12	1e-12
827A>G/961T>G	1e-12	1e-12	1e-12	3.53e-08	2.466e-05	1e-12	4.899999999999999e-09	1e-12	1e-12
827A>G/961T>del	1e-12	1e-12	1e-12	3.53e-08	1.7999999999999998e-09	1e-12	1e-12	1e-12	1e-12
827A>G/961T>del+Cn	1e-12	1e-12	1e-12	0.00174735	4.679999999999999e-06	1e-12	1e-12	1e-12	6.859999999999999e-08
827A>G/988G>A	1e-12	1e-12	1e-12	3.53e-08	1.98e-06	1e-12	1e-12	1e-12	1e-12
827A>G/1095T>C	1e-12	1e-12	7e-10	5.295e-05	1.0799999999999998e-06	1e-12	1e-12	1e-12	1e-12
827A>G/1189T>C	1e-12	1e-12	6.7e-09	2.471e-05	0.00010188	1e-12	2.285e-07	1e-12	1e-12
827A>G/1243T>C	1e-12	1e-12	2.6100000000000002e-08	2.471e-05	4.194e-05	1e-12	1.6299999999999997e-08	1e-12	1e-12
827A>G/1494C>T	1e-12	1e-12	7e-10	3.53e-08	5.399999999999999e-07	1e-12	1e-12	1e-12	1e-12
827A>G/1520T>C	1e-12	1e-12	1e-12	0.00031064	3.6e-07	1e-12	1e-12	1e-12	1e-12
827A>G/1537C>T	1e-12	1e-12	1e-12	3.53e-08	7.2e-07	1e-12	1e-12	1e-12	1e-12
827A>G/1555A>G	1e-12	1e-12	1.1e-09	0.00063893	1.98e-06	1e-12	1.4e-09	1e-12	3e-09
827A>G/1556C>T	1e-12	1e-12	1e-12	3.53e-08	1.7999999999999998e-09	1e-12	1e-12	1e-12	1e-12
827A>G/Reference	1e-12	1e-12	9.782e-07	0.03450575	0.00177498	1e-12	9.07e-07	1e-12	9.741e-07
839A>G/663A>G	1e-12	1e-12	3.2999999999999998e-09	4.99e-08	1.5000000000000002e-07	1e-12	1e-12	1e-12	1e-12
839A>G/669T>C	1e-12	1e-12	1e-12	1e-12	2.5000000000000004e-07	1e-12	1e-12	1e-12	1e-12
839A>G/747A>G	1e-12	1e-12	1.2999999999999999e-09	1e-12	1e-10	1e-12	1e-12	1e-12	1e-12
839A>G/786G>A	1e-12	1e-12	1e-12	1e-12	1e-10	1e-12	1e-12	1e-12	1e-12
839A>G/807A>C	1e-12	1e-12	1e-12	1e-12	1e-10	1e-12	1e-12	1e-12	1e-12
839A>G/807A>G	1e-12	1e-12	1e-12	1e-12	1e-10	1e-12	1e-12	1e-12	1e-12
839A>G/827A>G	1e-12	1e-12	1e-12	3.53e-08	1.8e-07	1e-12	1e-12	1e-12	1e-12
839A>G/839A>G	1e-12	1e-12	1e-12	1e-12	1e-08	1e-12	1e-12	1e-12	1e-12
839A>G/896A>G	1e-12	1e-12	1e-12	1e-12	3.0000000000000004e-07	1e-12	1e-12	1e-12	1e-12
839A>G/930A>G	1e-12	1e-12	7.4e-09	4.1e-09	4.32e-06	1e-12	3.4099999999999994e-08	1e-12	1e-12
839A>G/951G>A	1e-12	1e-12	7e-10	3.4e-09	1.2900000000000001e-06	1e-12	1e-12	1e-12	1e-12
839A>G/960C>del	1e-12	1e-12	1e-12	1e-12	1e-10	1e-12	1e-12	1e-12	1e-12
839A>G/961T>G	1e-12	1e-12	1e-12	1e-12	1.37e-06	1e-12	4.899999999999999e-09	1e-12	1e-12
839A>G/961T>del	1e-12	1e-12	1e-12	1e-12	1e-10	1e-12	1e-12	1e-12	1e-12
839A>G/961T>del+Cn	1e-12	1e-12	1e-12	4.95e-08	2.6e-07	1e-12	1e-12	1e-12	6.859999999999999e-08
839A>G/988G>A	1e-12	1e-12	1e-12	1e-12	1.1e-07	1e-12	1e-12	1e-12	1e-12
839A>G/1095T>C	1e-12	1e-12	7e-10	1.5e-09	6e-08	1e-12	1e-12	1e-12	1e-12
839A>G/1189T>C	1e-12	1e-12	6.7e-09	7e-10	5.66e-06	1e-12	2.285e-07	1e-12	1e-12
839A>G/1243T>C	1e-12	1e-12	2.6100000000000002e-08	7e-10	2.33e-06	1e-12	1.6299999999999997e-08	1e-12	1e-12
839A>G/1494C>T	1e-12	1e-12	7e-10	1e-12	3e-08	1e-12	1e-12	1e-12	1e-12
839A>G/1520T>C	1e-12	1e-12	1e-12	8.8e-09	2e-08	1e-12	1e-12	1e-12	1e-12
839A>G/1537C>T	1e-12	1e-12	1e-12	1e-12	4e-08	1e-12	1e-12	1e-12	1e-12
839A>G/1555A>G	1e-12	1e-12	1.1e-09	1.81e-08	1.1e-07	1e-12	1.4e-09	1e-12	3e-09
839A>G/1556C>T	1e-12	1e-12	1e-12	1e-12	1e-10	1e-12	1e-12	1e-12	1e-12
839A>G/Reference	1e-12	1e-12	9.782e-07	9.775e-07	9.861e-05	1e-12	9.07e-07	1e-12	9.741e-07
896A>G/663A>G	1e-12	1e-12	3.2999999999999998e-09	4.99e-08	4.5e-06	1e-12	1e-12	1e-12	1e-12
896A>G/669T>C	1e-12	1e-12	1e-12	1e-12	7.5e-06	1e-12	1e-12	1e-12	1e-12
896A>G/747A>G	1e-12	1e-12	1.2999999999999999e-09	1e-12	3e-09	1e-12	1e-12	1e-12	1e-12
896A>G/786G>A	1e-12	1e-12	1e-12	1e-12	3e-09	1e-12	1e-12	1e-12	1e-12
896A>G/807A>C	1e-12	1e-12	1e-12	1e-12	3e-09	1e-12	1e-12	1e-12	1e-12
896A>G/807A>G	1e-12	1e-12	1e-12	1e-12	3e-09	1e-12	1e-12	1e-12	1e-12
896A>G/827A>G	1e-12	1e-12	1e-12	3.53e-08	5.4e-06	1e-12	1e-12	1e-12	1e-12
896A>G/839A>G	1e-12	1e-12	1e-12	1e-12	3.0000000000000004e-07	1e-12	1e-12	1e-12	1e-12
896A>G/896A>G	1e-12	1e-12	1e-12	1e-12	9e-06	1e-12	1e-12	1e-12	1e-12
896A>G/930A>G	1e-12	1e-12	7.4e-09	4.1e-09	0.0001296	1e-12	3.4099999999999994e-08	1e-12	1e-12
896A>G/951G>A	1e-12	1e-12	7e-10	3.4e-09	3.87e-05	1e-12	1e-12	1e-12	1e-12
896A>G/960C>del	1e-12	1e-12	1e-12	1e-12	3e-09	1e-12	1e-12	1e-12	1e-12
896A>G/961T>G	1e-12	1e-12	1e-12	1e-12	4.11e-05	1e-12	4.899999999999999e-09	1e-12	1e-12
896A>G/961T>del	1e-12	1e-12	1e-12	1e-12	3e-09	1e-12	1e-12	1e-12	1e-12
896A>G/961T>del+Cn	1e-12	1e-12	1e-12	4.95e-08	7.8e-06	1e-12	1e-12	1e-12	6.859999999999999e-08
896A>G/988G>A	1e-12	1e-12	1e-12	1e-12	3.3e-06	1e-12	1e-12	1e-12	1e-12
896A>G/1095T>C	1e-12	1e-12	7e-10	1.5e-09	1.8e-06	1e-12	1e-12	1e-12	1e-12
896A>G/1189T>C	1e-12	1e-12	6.7e-09	7e-10	0.0001698	1e-12	2.285e-07	1e-12	1e-12
896A>G/1243T>C	1e-12	1e-12	2.6100000000000002e-08	7e-10	6.99e-05	1e-12	1.6299999999999997e-08	1e-12	1e-12
896A>G/1494C>T	1e-12	1e-12	7e-10	1e-12	9e-07	1e-12	1e-12	1e-12	1e-12
896A>G/1520T>C	1e-12	1e-12	1e-12	8.8e-09	6.000000000000001e-07	1e-12	1e-12	1e-12	1e-12
896A>G/1537C>T	1e-12	1e-12	1e-12	1e-12	1.2000000000000002e-06	1e-12	1e-12	1e-12	1e-12
896A>G/1555A>G	1e-12	1e-12	1.1e-09	1.81e-08	3.3e-06	1e-12	1.4e-09	1e-12	3e-09
896A>G/1556C>T	1e-12	1e-12	1e-12	1e-12	3e-09	1e-12	1e-12	1e-12	1e-12
896A>G/Reference	1e-12	1e-12	9.782e-07	9.775e-07	0.0029583	1e-12	9.07e-07	1e-12	9.741e-07
930A>G/663A>G	1e-12	1e-12	2.442e-05	0.00020459000000000002	6.48e-05	1e-12	3.4099999999999994e-08	1e-12	1e-12
930A>G/669T>C	1e-12	1e-12	7.4e-09	4.1e-09	0.00010800000000000001	1e-12	3.4099999999999994e-08	1e-12	1e-12
930A>G/747A>G	1e-12	1e-12	9.62e-06	4.1e-09	4.32e-08	1e-12	3.4099999999999994e-08	1e-12	1e-12
930A>G/786G>A	1e-12	1e-12	7.4e-09	4.1e-09	4.32e-08	1e-12	3.4099999999999994e-08	1e-12	1e-12
930A>G/807A>C	1e-12	1e-12	7.4e-09	4.1e-09	4.32e-08	1e-12	3.4099999999999994e-08	1e-12	1e-12
930A>G/807A>G	1e-12	1e-12	7.4e-09	4.1e-09	4.32e-08	1e-12	3.4099999999999994e-08	1e-12	1e-12
930A>G/827A>G	1e-12	1e-12	7.4e-09	0.00014473	7.776e-05	1e-12	3.4099999999999994e-08	1e-12	1e-12
930A>G/839A>G	1e-12	1e-12	7.4e-09	4.1e-09	4.32e-06	1e-12	3.4099999999999994e-08	1e-12	1e-12
930A>G/896A>G	1e-12	1e-12	7.4e-09	4.1e-09	0.0001296	1e-12	3.4099999999999994e-08	1e-12	1e-12
930A>G/930A>G	1e-12	1e-12	5.4760000000000004e-05	1.6810000000000003e-05	0.0018662400000000001	1e-12	0.0011628099999999998	1e-12	1e-12
930A>G/951G>A	1e-12	1e-12	5.18e-06	1.394e-05	0.0005572800000000001	1e-12	3.4099999999999994e-08	1e-12	1e-12
930A>G/960C>del	1e-12	1e-12	7.4e-09	4.1e-09	4.32e-08	1e-12	3.4099999999999994e-08	1e-12	1e-12
930A>G/961T>G	1e-12	1e-12	7.4e-09	4.1e-09	0.00059184	1e-12	0.00016708999999999997	1e-12	1e-12
930A>G/961T>del	1e-12	1e-12	7.4e-09	4.1e-09	4.32e-08	1e-12	3.4099999999999994e-08	1e-12	1e-12
930A>G/961T>del+Cn	1e-12	1e-12	7.4e-09	0.00020295000000000003	0.00011232	1e-12	3.4099999999999994e-08	1e-12	6.859999999999999e-08
930A>G/988G>A	1e-12	1e-12	7.4e-09	4.1e-09	4.7520000000000006e-05	1e-12	3.4099999999999994e-08	1e-12	1e-12
930A>G/1095T>C	1e-12	1e-12	5.18e-06	6.15e-06	2.592e-05	1e-12	3.4099999999999994e-08	1e-12	1e-12
930A>G/1189T>C	1e-12	1e-12	4.958e-05	2.87e-06	0.00244512	1e-12	0.00779185	1e-12	1e-12
930A>G/1243T>C	1e-12	1e-12	0.00019314	2.87e-06	0.00100656	1e-12	0.0005558299999999999	1e-12	1e-12
930A>G/1494C>T	1e-12	1e-12	5.18e-06	4.1e-09	1.296e-05	1e-12	3.4099999999999994e-08	1e-12	1e-12
930A>G/1520T>C	1e-12	1e-12	7.4e-09	3.608000000000001e-05	8.64e-06	1e-12	3.4099999999999994e-08	1e-12	1e-12
930A>G/1537C>T	1e-12	1e-12	7.4e-09	4.1e-09	1.728e-05	1e-12	3.4099999999999994e-08	1e-12	1e-12
930A>G/1555A>G	1e-12	1e-12	8.140000000000002e-06	7.421000000000001e-05	4.7520000000000006e-05	1e-12	4.774e-05	1e-12	3e-09
930A>G/1556C>T	1e-12	1e-12	7.4e-09	4.1e-09	4.32e-08	1e-12	3.4099999999999994e-08	1e-12	1e-12
930A>G/Reference	1e-12	1e-12	0.00723868	0.004007750000000001	0.04259952	1e-12	0.0309287	1e-12	9.741e-07
951G>A/663A>G	1e-12	1e-12	2.31e-06	0.00016966	1.935e-05	1e-12	1e-12	1e-12	1e-12
951G>A/669T>C	1e-12	1e-12	7e-10	3.4e-09	3.225e-05	1e-12	1e-12	1e-12	1e-12
951G>A/747A>G	1e-12	1e-12	9.1e-07	3.4e-09	1.29e-08	1e-12	1e-12	1e-12	1e-12
951G>A/786G>A	1e-12	1e-12	7e-10	3.4e-09	1.29e-08	1e-12	1e-12	1e-12	1e-12
951G>A/807A>C	1e-12	1e-12	7e-10	3.4e-09	1.29e-08	1e-12	1e-12	1e-12	1e-12
951G>A/807A>G	1e-12	1e-12	7e-10	3.4e-09	1.29e-08	1e-12	1e-12	1e-12	1e-12
951G>A/827A>G	1e-12	1e-12	7e-10	0.00012001999999999999	2.3219999999999998e-05	1e-12	1e-12	1e-12	1e-12
951G>A/839A>G	1e-12	1e-12	7e-10	3.4e-09	1.2900000000000001e-06	1e-12	1e-12	1e-12	1e-12
951G>A/896A>G	1e-12	1e-12	7e-10	3.4e-09	3.87e-05	1e-12	1e-12	1e-12	1e-12
951G>A/930A>G	1e-12	1e-12	5.18e-06	1.394e-05	0.0005572800000000001	1e-12	3.4099999999999994e-08	1e-12	1e-12
951G>A/951G>A	1e-12	1e-12	4.9e-07	1.156e-05	0.00016641	1e-12	1e-12	1e-12	1e-12
951G>A/960C>del	1e-12	1e-12	7e-10	3.4e-09	1.29e-08	1e-12	1e-12	1e-12	1e-12
951G>A/961T>G	1e-12	1e-12	7e-10	3.4e-09	0.00017673	1e-12	4.899999999999999e-09	1e-12	1e-12
951G>A/961T>del	1e-12	1e-12	7e-10	3.4e-09	1.29e-08	1e-12	1e-12	1e-12	1e-12
951G>A/961T>del+Cn	1e-12	1e-12	7e-10	0.0001683	3.354e-05	1e-12	1e-12	1e-12	6.859999999999999e-08
951G>A/988G>A	1e-12	1e-12	7e-10	3.4e-09	1.4190000000000001e-05	1e-12	1e-12	1e-12	1e-12
951G>A/1095T>C	1e-12	1e-12	4.9e-07	5.0999999999999995e-06	7.739999999999999e-06	1e-12	1e-12	1e-12	1e-12
951G>A/1189T>C	1e-12	1e-12	4.69e-06	2.3799999999999997e-06	0.00073014	1e-12	2.285e-07	1e-12	1e-12
951G>A/1243T>C	1e-12	1e-12	1.827e-05	2.3799999999999997e-06	0.00030057	1e-12	1.6299999999999997e-08	1e-12	1e-12
951G>A/1494C>T	1e-12	1e-12	4.9e-07	3.4e-09	3.869999999999999e-06	1e-12	1e-12	1e-12	1e-12
951G>A/1520T>C	1e-12	1e-12	7e-10	2.992e-05	2.5800000000000003e-06	1e-12	1e-12	1e-12	1e-12
951G>A/1537C>T	1e-12	1e-12	7e-10	3.4e-09	5.1600000000000006e-06	1e-12	1e-12	1e-12	1e-12
951G>A/1555A>G	1e-12	1e-12	7.7e-07	6.154e-05	1.4190000000000001e-05	1e-12	1.4e-09	1e-12	3e-09
951G>A/1556C>T	1e-12	1e-12	7e-10	3.4e-09	1.29e-08	1e-12	1e-12	1e-12	1e-12
951G>A/Reference	1e-12	1e-12	0.00068474	0.0033235	0.01272069	1e-12	9.07e-07	1e-12	9.741e-07
960C>del/663A>G	1e-12	1e-12	3.2999999999999998e-09	4.99e-08	1.5e-09	1e-12	1e-12	1e-12	1e-12
960C>del/669T>C	1e-12	1e-12	1e-12	1e-12	2.5e-09	1e-12	1e-12	1e-12	1e-12
960C>del/747A>G	1e-12	1e-12	1.2999999999999999e-09	1e-12	1e-12	1e-12	1e-12	1e-12	1e-12
960C>del/786G>A	1e-12	1e-12	1e-12	1e-12	1e-12	1e-12	1e-12	1e-12	1e-12
960C>del/807A>C	1e-12	1e-12	1e-12	1e-12	1e-12	1e-12	1e-12	1e-12	1e-12
960C>del/807A>G	1e-12	1e-12	1e-12	1e-12	1e-12	1e-12	1e-12	1e-12	1e-12
960C>del/827A>G	1e-12	1e-12	1e-12	3.53e-08	1.7999999999999998e-09	1e-12	1e-12	1e-12	1e-12
960C>del/839A>G	1e-12	1e-12	1e-12	1e-12	1e-10	1e-12	1e-12	1e-12	1e-12
960C>del/896A>G	1e-12	1e-12	1e-12	1e-12	3e-09	1e-12	1e-12	1e-12	1e-12
960C>del/930A>G	1e-12	1e-12	7.4e-09	4.1e-09	4.32e-08	1e-12	3.4099999999999994e-08	1e-12	1e-12
960C>del/951G>A	1e-12	1e-12	7e-10	3.4e-09	1.29e-08	1e-12	1e-12	1e-12	1e-12
960C>del/960C>del	1e-12	1e-12	1e-12	1e-12	1e-12	1e-12	1e-12	1e-12	1e-12
960C>del/961T>G	1e-12	1e-12	1e-12	1e-12	1.37e-08	1e-12	4.899999999999999e-09	1e-12	1e-12
960C>del/961T>del	1e-12	1e-12	1e-12	1e-12	1e-12	1e-12	1e-12	1e-12	1e-12
960C>del/961T>del+Cn	1e-12	1e-12	1e-12	4.95e-08	2.5999999999999997e-09	1e-12	1e-12	1e-12	6.859999999999999e-08
960C>del/988G>A	1e-12	1e-12	1e-12	1e-12	1.1e-09	1e-12	1e-12	1e-12	1e-12
960C>del/1095T>C	1e-12	1e-12	7e-10	1.5e-09	5.999999999999999e-10	1e-12	1e-12	1e-12	1e-12
960C>del/1189T>C	1e-12	1e-12	6.7e-09	7e-10	5.66e-08	1e-12	2.285e-07	1e-12	1e-12
960C>del/1243T>C	1e-12	1e-12	2.6100000000000002e-08	7e-10	2.33e-08	1e-12	1.6299999999999997e-08	1e-12	1e-12
960C>del/1494C>T	1e-12	1e-12	7e-10	1e-12	2.9999999999999995e-10	1e-12	1e-12	1e-12	1e-12
960C>del/1520T>C	1e-12	1e-12	1e-12	8.8e-09	2e-10	1e-12	1e-12	1e-12	1e-12
960C>del/1537C>T	1e-12	1e-12	1e-12	1e-12	4e-10	1e-12	1e-12	1e-12	1e-12
960C>del/1555A>G	1e-12	1e-12	1.1e-09	1.81e-08	1.1e-09	1e-12	1.4e-09	1e-12	3e-09
960C>del/1556C>T	1e-12	1e-12	1e-12	1e-12	1e-12	1e-12	1e-12	1e-12	1e-12
960C>del/Reference	1e-12	1e-12	9.782e-07	9.775e-07	9.861e-07	1e-12	9.07e-07	1e-12	9.741e-07
961T>G/663A>G	1e-12	1e-12	3.2999999999999998e-09	4.99e-08	2.055e-05	1e-12	4.899999999999999e-09	1e-12	1e-12
961T>G/669T>C	1e-12	1e-12	1e-12	1e-12	3.425e-05	1e-12	4.899999999999999e-09	1e-12	1e-12
961T>G/747A>G	1e-12	1e-12	1.2999999999999999e-09	1e-12	1.37e-08	1e-12	4.899999999999999e-09	1e-12	1e-12
961T>G/786G>A	1e-12	1e-12	1e-12	1e-12	1.37e-08	1e-12	4.899999999999999e-09	1e-12	1e-12
961T>G/807A>C	1e-12	1e-12	1e-12	1e-12	1.37e-08	1e-12	4.899999999999999e-09	1e-12	1e-12
961T>G/807A>G	1e-12	1e-12	1e-12	1e-12	1.37e-08	1e-12	4.899999999999999e-09	1e-12	1e-12
961T>G/827A>G	1e-12	1e-12	1e-12	3.53e-08	2.466e-05	1e-12	4.899999999999999e-09	1e-12	1e-12
961T>G/839A>G	1e-12	1e-12	1e-12	1e-12	1.37e-06	1e-12	4.899999999999999e-09	1e-12	1e-12
961T>G/896A>G	1e-12	1e-12	1e-12	1e-12	4.11e-05	1e-12	4.899999999999999e-09	1e-12	1e-12
961T>G/930A>G	1e-12	1e-12	7.4e-09	4.1e-09	0.00059184	1e-12	0.00016708999999999997	1e-12	1e-12
961T>G/951G>A	1e-12	1e-12	7e-10	3.4e-09	0.00017673	1e-12	4.899999999999999e-09	1e-12	1e-12
961T>G/960C>del	1e-12	1e-12	1e-12	1e-12	1.37e-08	1e-12	4.899999999999999e-09	1e-12	1e-12
961T>G/961T>G	1e-12	1e-12	1e-12	1e-12	0.00018769000000000001	1e-12	2.401e-05	1e-12	1e-12
961T>G/961T>del	1e-12	1e-12	1e-12	1e-12	1.37e-08	1e-12	4.899999999999999e-09	1e-12	1e-12
961T>G/961T>del+Cn	1e-12	1e-12	1e-12	4.95e-08	3.562e-05	1e-12	4.899999999999999e-09	1e-12	6.859999999999999e-08
961T>G/988G>A	1e-12	1e-12	1e-12	1e-12	1.5070000000000001e-05	1e-12	4.899999999999999e-09	1e-12	1e-12
961T>G/1095T>C	1e-12	1e-12	7e-10	1.5e-09	8.22e-06	1e-12	4.899999999999999e-09	1e-12	1e-12
961T>G/1189T>C	1e-12	1e-12	6.7e-09	7e-10	0.00077542	1e-12	0.00111965	1e-12	1e-12
961T>G/1243T>C	1e-12	1e-12	2.6100000000000002e-08	7e-10	0.00031921	1e-12	7.986999999999999e-05	1e-12	1e-12
961T>G/1494C>T	1e-12	1e-12	7e-10	1e-12	4.11e-06	1e-12	4.899999999999999e-09	1e-12	1e-12
961T>G/1520T>C	1e-12	1e-12	1e-12	8.8e-09	2.74e-06	1e-12	4.899999999999999e-09	1e-12	1e-12
961T>G/1537C>T	1e-12	1e-12	1e-12	1e-12	5.48e-06	1e-12	4.899999999999999e-09	1e-12	1e-12
961T>G/1555A>G	1e-12	1e-12	1.1e-09	1.81e-08	1.5070000000000001e-05	1e-12	6.8599999999999995e-06	1e-12	3e-09
961T>G/1556C>T	1e-12	1e-12	1e-12	1e-12	1.37e-08	1e-12	4.899999999999999e-09	1e-12	1e-12
961T>G/Reference	1e-12	1e-12	9.782e-07	9.775e-07	0.01350957	1e-12	0.0044443	1e-12	9.741e-07
961T>del/663A>G	1e-12	1e-12	3.2999999999999998e-09	4.99e-08	1.5e-09	1e-12	1e-12	1e-12	1e-12
961T>del/669T>C	1e-12	1e-12	1e-12	1e-12	2.5e-09	1e-12	1e-12	1e-12	1e-12
961T>del/747A>G	1e-12	1e-12	1.2999999999999999e-09	1e-12	1e-12	1e-12	1e-12	1e-12	1e-12
961T>del/786G>A	1e-12	1e-12	1e-12	1e-12	1e-12	1e-12	1e-12	1e-12	1e-12
961T>del/807A>C	1e-12	1e-12	1e-12	1e-12	1e-12	1e-12	1e-12	1e-12	1e-12
961T>del/807A>G	1e-12	1e-12	1e-12	1e-12	1e-12	1e-12	1e-12	1e-12	1e-12
961T>del/827A>G	1e-12	1e-12	1e-12	3.53e-08	1.7999999999999998e-09	1e-12	1e-12	1e-12	1e-12
961T>del/839A>G	1e-12	1e-12	1e-12	1e-12	1e-10	1e-12	1e-12	1e-12	1e-12
961T>del/896A>G	1e-12	1e-12	1e-12	1e-12	3e-09	1e-12	1e-12	1e-12	1e-12
961T>del/930A>G	1e-12	1e-12	7.4e-09	4.1e-09	4.32e-08	1e-12	3.4099999999999994e-08	1e-12	1e-12
961T>del/951G>A	1e-12	1e-12	7e-10	3.4e-09	1.29e-08	1e-12	1e-12	1e-12	1e-12
961T>del/960C>del	1e-12	1e-12	1e-12	1e-12	1e-12	1e-12	1e-12	1e-12	1e-12
961T>del/961T>G	1e-12	1e-12	1e-12	1e-12	1.37e-08	1e-12	4.899999999999999e-09	1e-12	1e-12
961T>del/961T>del	1e-12	1e-12	1e-12	1e-12	1e-12	1e-12	1e-12	1e-12	1e-12
961T>del/961T>del+Cn	1e-12	1e-12	1e-12	4.95e-08	2.5999999999999997e-09	1e-12	1e-12	1e-12	6.859999999999999e-08
961T>del/988G>A	1e-12	1e-12	1e-12	1e-12	1.1e-09	1e-12	1e-12	1e-12	1e-12
961T>del/1095T>C	1e-12	1e-12	7e-10	1.5e-09	5.999999999999999e-10	1e-12	1e-12	1e-12	1e-12
961T>del/1189T>C	1e-12	1e-12	6.7e-09	7e-10	5.66e-08	1e-12	2.285e-07	1e-12	1e-12
961T>del/1243T>C	1e-12	1e-12	2.6100000000000002e-08	7e-10	2.33e-08	1e-12	1.6299999999999997e-08	1e-12	1e-12
961T>del/1494C>T	1e-12	1e-12	7e-10	1e-12	2.9999999999999995e-10	1e-12	1e-12	1e-12	1e-12
961T>del/1520T>C	1e-12	1e-12	1e-12	8.8e-09	2e-10	1e-12	1e-12	1e-12	1e-12
961T>del/1537C>T	1e-12	1e-12	1e-12	1e-12	4e-10	1e-12	1e-12	1e-12	1e-12
961T>del/1555A>G	1e-12	1e-12	1.1e-09	1.81e-08	1.1e-09	1e-12	1.4e-09	1e-12	3e-09
961T>del/1556C>T	1e-12	1e-12	1e-12	1e-12	1e-12	1e-12	1e-12	1e-12	1e-12
961T>del/Reference	1e-12	1e-12	9.782e-07	9.775e-07	9.861e-07	1e-12	9.07e-07	1e-12	9.741e-07
961T>del+Cn/663A>G	1e-12	1e-12	3.2999999999999998e-09	0.00247005	3.9e-06	1e-12	1e-12	1e-12	6.859999999999999e-08
961T>del+Cn/669T>C	1e-12	1e-12	1e-12	4.95e-08	6.5e-06	1e-12	1e-12	1e-12	6.859999999999999e-08
961T>del+Cn/747A>G	1e-12	1e-12	1.2999999999999999e-09	4.95e-08	2.5999999999999997e-09	1e-12	1e-12	1e-12	6.859999999999999e-08
961T>del+Cn/786G>A	1e-12	1e-12	1e-12	4.95e-08	2.5999999999999997e-09	1e-12	1e-12	1e-12	6.859999999999999e-08
961T>del+Cn/807A>C	1e-12	1e-12	1e-12	4.95e-08	2.5999999999999997e-09	1e-12	1e-12	1e-12	6.859999999999999e-08
961T>del+Cn/807A>G	1e-12	1e-12	1e-12	4.95e-08	2.5999999999999997e-09	1e-12	1e-12	1e-12	6.859999999999999e-08
961T>del+Cn/827A>G	1e-12	1e-12	1e-12	0.00174735	4.679999999999999e-06	1e-12	1e-12	1e-12	6.859999999999999e-08
961T>del+Cn/839A>G	1e-12	1e-12	1e-12	4.95e-08	2.6e-07	1e-12	1e-12	1e-12	6.859999999999999e-08
961T>del+Cn/896A>G	1e-12	1e-12	1e-12	4.95e-08	7.8e-06	1e-12	1e-12	1e-12	6.859999999999999e-08
961T>del+Cn/930A>G	1e-12	1e-12	7.4e-09	0.00020295000000000003	0.00011232	1e-12	3.4099999999999994e-08	1e-12	6.859999999999999e-08
961T>del+Cn/951G>A	1e-12	1e-12	7e-10	0.0001683	3.354e-05	1e-12	1e-12	1e-12	6.859999999999999e-08
961T>del+Cn/960C>del	1e-12	1e-12	1e-12	4.95e-08	2.5999999999999997e-09	1e-12	1e-12	1e-12	6.859999999999999e-08
961T>del+Cn/961T>G	1e-12	1e-12	1e-12	4.95e-08	3.562e-05	1e-12	4.899999999999999e-09	1e-12	6.859999999999999e-08
961T>del+Cn/961T>del	1e-12	1e-12	1e-12	4.95e-08	2.5999999999999997e-09	1e-12	1e-12	1e-12	6.859999999999999e-08
961T>del+Cn/961T>del+Cn	1e-12	1e-12	1e-12	0.00245025	6.76e-06	1e-12	1e-12	1e-12	0.0047059599999999995
961T>del+Cn/988G>A	1e-12	1e-12	1e-12	4.95e-08	2.86e-06	1e-12	1e-12	1e-12	6.859999999999999e-08
961T>del+Cn/1095T>C	1e-12	1e-12	7e-10	7.425e-05	1.5599999999999999e-06	1e-12	1e-12	1e-12	6.859999999999999e-08
961T>del+Cn/1189T>C	1e-12	1e-12	6.7e-09	3.465e-05	0.00014716	1e-12	2.285e-07	1e-12	6.859999999999999e-08
961T>del+Cn/1243T>C	1e-12	1e-12	2.6100000000000002e-08	3.465e-05	6.058e-05	1e-12	1.6299999999999997e-08	1e-12	6.859999999999999e-08
961T>del+Cn/1494C>T	1e-12	1e-12	7e-10	4.95e-08	7.799999999999999e-07	1e-12	1e-12	1e-12	6.859999999999999e-08
961T>del+Cn/1520T>C	1e-12	1e-12	1e-12	0.00043560000000000007	5.2e-07	1e-12	1e-12	1e-12	6.859999999999999e-08
961T>del+Cn/1537C>T	1e-12	1e-12	1e-12	4.95e-08	1.04e-06	1e-12	1e-12	1e-12	6.859999999999999e-08
961T>del+Cn/1555A>G	1e-12	1e-12	1.1e-09	0.0008959500000000001	2.86e-06	1e-12	1.4e-09	1e-12	0.0002058
961T>del+Cn/1556C>T	1e-12	1e-12	1e-12	4.95e-08	2.5999999999999997e-09	1e-12	1e-12	1e-12	6.859999999999999e-08
961T>del+Cn/Reference	1e-12	1e-12	9.782e-07	0.048386250000000006	0.00256386	1e-12	9.07e-07	1e-12	0.06682326
988G>A/663A>G	1e-12	1e-12	3.2999999999999998e-09	4.99e-08	1.65e-06	1e-12	1e-12	1e-12	1e-12
988G>A/669T>C	1e-12	1e-12	1e-12	1e-12	2.7500000000000004e-06	1e-12	1e-12	1e-12	1e-12
988G>A/747A>G	1e-12	1e-12	1.2999999999999999e-09	1e-12	1.1e-09	1e-12	1e-12	1e-12	1e-12
988G>A/786G>A	1e-12	1e-12	1e-12	1e-12	1.1e-09	1e-12	1e-12	1e-12	1e-12
988G>A/807A>C	1e-12	1e-12	1e-12	1e-12	1.1e-09	1e-12	1e-12	1e-12	1e-12
988G>A/807A>G	1e-12	1e-12	1e-12	1e-12	1.1e-09	1e-12	1e-12	1e-12	1e-12
988G>A/827A>G	1e-12	1e-12	1e-12	3.53e-08	1.98e-06	1e-12	1e-12	1e-12	1e-12
988G>A/839A>G	1e-12	1e-12	1e-12	1e-12	1.1e-07	1e-12	1e-12	1e-12	1e-12
988G>A/896A>G	1e-12	1e-12	1e-12	1e-12	3.3e-06	1e-12	1e-12	1e-12	1e-12
988G>A/930A>G	1e-12	1e-12	7.4e-09	4.1e-09	4.7520000000000006e-05	1e-12	3.4099999999999994e-08	1e-12	1e-12
988G>A/951G>A	1e-12	1e-12	7e-10	3.4e-09	1.4190000000000001e-05	1e-12	1e-12	1e-12	1e-12
988G>A/960C>del	1e-12	1e-12	1e-12	1e-12	1.1e-09	1e-12	1e-12	1e-12	1e-12
988G>A/961T>G	1e-12	1e-12	1e-12	1e-12	1.5070000000000001e-05	1e-12	4.899999999999999e-09	1e-12	1e-12
988G>A/961T>del	1e-12	1e-12	1e-12	1e-12	1.1e-09	1e-12	1e-12	1e-12	1e-12
988G>A/961T>del+Cn	1e-12	1e-12	1e-12	4.95e-08	2.86e-06	1e-12	1e-12	1e-12	6.859999999999999e-08
988G>A/988G>A	1e-12	1e-12	1e-12	1e-12	1.21e-06	1e-12	1e-12	1e-12	1e-12
988G>A/1095T>C	1e-12	1e-12	7e-10	1.5e-09	6.6e-07	1e-12	1e-12	1e-12	1e-12
988G>A/1189T>C	1e-12	1e-12	6.7e-09	7e-10	6.226e-05	1e-12	2.285e-07	1e-12	1e-12
988G>A/1243T>C	1e-12	1e-12	2.6100000000000002e-08	7e-10	2.5630000000000004e-05	1e-12	1.6299999999999997e-08	1e-12	1e-12
988G>A/1494C>T	1e-12	1e-12	7e-10	1e-12	3.3e-07	1e-12	1e-12	1e-12	1e-12
988G>A/1520T>C	1e-12	1e-12	1e-12	8.8e-09	2.2e-07	1e-12	1e-12	1e-12	1e-12
988G>A/1537C>T	1e-12	1e-12	1e-12	1e-12	4.4e-07	1e-12	1e-12	1e-12	1e-12
988G>A/1555A>G	1e-12	1e-12	1.1e-09	1.81e-08	1.21e-06	1e-12	1.4e-09	1e-12	3e-09
988G>A/1556C>T	1e-12	1e-12	1e-12	1e-12	1.1e-09	1e-12	1e-12	1e-12	1e-12
988G>A/Reference	1e-12	1e-12	9.782e-07	9.775e-07	0.00108471	1e-12	9.07e-07	1e-12	9.741e-07
1095T>C/663A>G	1e-12	1e-12	2.31e-06	7.485e-05	9e-07	1e-12	1e-12	1e-12	1e-12
1095T>C/669T>C	1e-12	1e-12	7e-10	1.5e-09	1.4999999999999998e-06	1e-12	1e-12	1e-12	1e-12
1095T>C/747A>G	1e-12	1e-12	9.1e-07	1.5e-09	5.999999999999999e-10	1e-12	1e-12	1e-12	1e-12
1095T>C/786G>A	1e-12	1e-12	7e-10	1.5e-09	5.999999999999999e-10	1e-12	1e-12	1e-12	1e-12
1095T>C/807A>C	1e-12	1e-12	7e-10	1.5e-09	5.999999999999999e-10	1e-12	1e-12	1e-12	1e-12
1095T>C/807A>G	1e-12	1e-12	7e-10	1.5e-09	5.999999999999999e-10	1e-12	1e-12	1e-12	1e-12
1095T>C/827A>G	1e-12	1e-12	7e-10	5.295e-05	1.0799999999999998e-06	1e-12	1e-12	1e-12	1e-12
1095T>C/839A>G	1e-12	1e-12	7e-10	1.5e-09	6e-08	1e-12	1e-12	1e-12	1e-12
1095T>C/896A>G	1e-12	1e-12	7e-10	1.5e-09	1.8e-06	1e-12	1e-12	1e-12	1e-12
1095T>C/930A>G	1e-12	1e-12	5.18e-06	6.15e-06	2.592e-05	1e-12	3.4099999999999994e-08	1e-12	1e-12
1095T>C/951G>A	1e-12	1e-12	4.9e-07	5.0999999999999995e-06	7.739999999999999e-06	1e-12	1e-12	1e-12	1e-12
1095T>C/960C>del	1e-12	1e-12	7e-10	1.5e-09	5.999999999999999e-10	1e-12	1e-12	1e-12	1e-12
1095T>C/961T>G	1e-12	1e-12	7e-10	1.5e-09	8.22e-06	1e-12	4.899999999999999e-09	1e-12	1e-12
1095T>C/961T>del	1e-12	1e-12	7e-10	1.5e-09	5.999999999999999e-10	1e-12	1e-12	1e-12	1e-12
1095T>C/961T>del+Cn	1e-12	1e-12	7e-10	7.425e-05	1.5599999999999999e-06	1e-12	1e-12	1e-12	6.859999999999999e-08
1095T>C/988G>A	1e-12	1e-12	7e-10	1.5e-09	6.6e-07	1e-12	1e-12	1e-12	1e-12
1095T>C/1095T>C	1e-12	1e-12	4.9e-07	2.25e-06	3.5999999999999994e-07	1e-12	1e-12	1e-12	1e-12
1095T>C/1189T>C	1e-12	1e-12	4.69e-06	1.0500000000000001e-06	3.395999999999999e-05	1e-12	2.285e-07	1e-12	1e-12
1095T>C/1243T>C	1e-12	1e-12	1.827e-05	1.0500000000000001e-06	1.398e-05	1e-12	1.6299999999999997e-08	1e-12	1e-12
1095T>C/1494C>T	1e-12	1e-12	4.9e-07	1.5e-09	1.7999999999999997e-07	1e-12	1e-12	1e-12	1e-12
1095T>C/1520T>C	1e-12	1e-12	7e-10	1.32e-05	1.2e-07	1e-12	1e-12	1e-12	1e-12
1095T>C/1537C>T	1e-12	1e-12	7e-10	1.5e-09	2.4e-07	1e-12	1e-12	1e-12	1e-12
1095T>C/1555A>G	1e-12	1e-12	7.7e-07	2.7150000000000003e-05	6.6e-07	1e-12	1.4e-09	1e-12	3e-09
1095T>C/1556C>T	1e-12	1e-12	7e-10	1.5e-09	5.999999999999999e-10	1e-12	1e-12	1e-12	1e-12
1095T>C/Reference	1e-12	1e-12	0.00068474	0.00146625	0.0005916599999999999	1e-12	9.07e-07	1e-12	9.741e-07
1189T>C/663A>G	1e-12	1e-12	2.211e-05	3.493e-05	8.49e-05	1e-12	2.285e-07	1e-12	1e-12
1189T>C/669T>C	1e-12	1e-12	6.7e-09	7e-10	0.0001415	1e-12	2.285e-07	1e-12	1e-12
1189T>C/747A>G	1e-12	1e-12	8.71e-06	7e-10	5.66e-08	1e-12	2.285e-07	1e-12	1e-12
1189T>C/786G>A	1e-12	1e-12	6.7e-09	7e-10	5.66e-08	1e-12	2.285e-07	1e-12	1e-12
1189T>C/807A>C	1e-12	1e-12	6.7e-09	7e-10	5.66e-08	1e-12	2.285e-07	1e-12	1e-12
1189T>C/807A>G	1e-12	1e-12	6.7e-09	7e-10	5.66e-08	1e-12	2.285e-07	1e-12	1e-12
1189T>C/827A>G	1e-12	1e-12	6.7e-09	2.471e-05	0.00010188	1e-12	2.285e-07	1e-12	1e-12
1189T>C/839A>G	1e-12	1e-12	6.7e-09	7e-10	5.66e-06	1e-12	2.285e-07	1e-12	1e-12
1189T>C/896A>G	1e-12	1e-12	6.7e-09	7e-10	0.0001698	1e-12	2.285e-07	1e-12	1e-12
1189T>C/930A>G	1e-12	1e-12	4.958e-05	2.87e-06	0.00244512	1e-12	0.00779185	1e-12	1e-12
1189T>C/951G>A	1e-12	1e-12	4.69e-06	2.3799999999999997e-06	0.00073014	1e-12	2.285e-07	1e-12	1e-12
1189T>C/960C>del	1e-12	1e-12	6.7e-09	7e-10	5.66e-08	1e-12	2.285e-07	1e-12	1e-12
1189T>C/961T>G	1e-12	1e-12	6.7e-09	7e-10	0.00077542	1e-12	0.00111965	1e-12	1e-12
1189T>C/961T>del	1e-12	1e-12	6.7e-09	7e-10	5.66e-08	1e-12	2.285e-07	1e-12	1e-12
1189T>C/961T>del+Cn	1e-12	1e-12	6.7e-09	3.465e-05	0.00014716	1e-12	2.285e-07	1e-12	6.859999999999999e-08
1189T>C/988G>A	1e-12	1e-12	6.7e-09	7e-10	6.226e-05	1e-12	2.285e-07	1e-12	1e-12
1189T>C/1095T>C	1e-12	1e-12	4.69e-06	1.0500000000000001e-06	3.395999999999999e-05	1e-12	2.285e-07	1e-12	1e-12
1189T>C/1189T>C	1e-12	1e-12	4.4890000000000006e-05	4.9e-07	0.00320356	1e-12	0.05221225	1e-12	1e-12
1189T>C/1243T>C	1e-12	1e-12	0.00017487	4.9e-07	0.00131878	1e-12	0.0037245499999999996	1e-12	1e-12
1189T>C/1494C>T	1e-12	1e-12	4.69e-06	7e-10	1.6979999999999997e-05	1e-12	2.285e-07	1e-12	1e-12
1189T>C/1520T>C	1e-12	1e-12	6.7e-09	6.16e-06	1.132e-05	1e-12	2.285e-07	1e-12	1e-12
1189T>C/1537C>T	1e-12	1e-12	6.7e-09	7e-10	2.264e-05	1e-12	2.285e-07	1e-12	1e-12
1189T>C/1555A>G	1e-12	1e-12	7.370000000000001e-06	1.267e-05	6.226e-05	1e-12	0.0003199	1e-12	3e-09
1189T>C/1556C>T	1e-12	1e-12	6.7e-09	7e-10	5.66e-08	1e-12	2.285e-07	1e-12	1e-12
1189T>C/Reference	1e-12	1e-12	0.00655394	0.0006842500000000001	0.055813259999999996	1e-12	0.2072495	1e-12	9.741e-07
1243T>C/663A>G	1e-12	1e-12	8.613e-05	3.493e-05	3.495e-05	1e-12	1.6299999999999997e-08	1e-12	1e-12
1243T>C/669T>C	1e-12	1e-12	2.6100000000000002e-08	7e-10	5.8250000000000006e-05	1e-12	1.6299999999999997e-08	1e-12	1e-12
1243T>C/747A>G	1e-12	1e-12	3.393e-05	7e-10	2.33e-08	1e-12	1.6299999999999997e-08	1e-12	1e-12
1243T>C/786G>A	1e-12	1e-12	2.6100000000000002e-08	7e-10	2.33e-08	1e-12	1.6299999999999997e-08	1e-12	1e-12
1243T>C/807A>C	1e-12	1e-12	2.6100000000000002e-08	7e-10	2.33e-08	1e-12	1.6299999999999997e-08	1e-12	1e-12
1243T>C/807A>G	1e-12	1e-12	2.6100000000000002e-08	7e-10	2.33e-08	1e-12	1.6299999999999997e-08	1e-12	1e-12
1243T>C/827A>G	1e-12	1e-12	2.6100000000000002e-08	2.471e-05	4.194e-05	1e-12	1.6299999999999997e-08	1e-12	1e-12
1243T>C/839A>G	1e-12	1e-12	2.6100000000000002e-08	7e-10	2.33e-06	1e-12	1.6299999999999997e-08	1e-12	1e-12
1243T>C/896A>G	1e-12	1e-12	2.6100000000000002e-08	7e-10	6.99e-05	1e-12	1.6299999999999997e-08	1e-12	1e-12
1243T>C/930A>G	1e-12	1e-12	0.00019314	2.87e-06	0.00100656	1e-12	0.0005558299999999999	1e-12	1e-12
1243T>C/951G>A	1e-12	1e-12	1.827e-05	2.3799999999999997e-06	0.00030057	1e-12	1.6299999999999997e-08	1e-12	1e-12
1243T>C/960C>del	1e-12	1e-12	2.6100000000000002e-08	7e-10	2.33e-08	1e-12	1.6299999999999997e-08	1e-12	1e-12
1243T>C/961T>G	1e-12	1e-12	2.6100000000000002e-08	7e-10	0.00031921	1e-12	7.986999999999999e-05	1e-12	1e-12
1243T>C/961T>del	1e-12	1e-12	2.6100000000000002e-08	7e-10	2.33e-08	1e-12	1.6299999999999997e-08	1e-12	1e-12
1243T>C/961T>del+Cn	1e-12	1e-12	2.6100000000000002e-08	3.465e-05	6.058e-05	1e-12	1.6299999999999997e-08	1e-12	6.859999999999999e-08
1243T>C/988G>A	1e-12	1e-12	2.6100000000000002e-08	7e-10	2.5630000000000004e-05	1e-12	1.6299999999999997e-08	1e-12	1e-12
1243T>C/1095T>C	1e-12	1e-12	1.827e-05	1.0500000000000001e-06	1.398e-05	1e-12	1.6299999999999997e-08	1e-12	1e-12
1243T>C/1189T>C	1e-12	1e-12	0.00017487	4.9e-07	0.00131878	1e-12	0.0037245499999999996	1e-12	1e-12
1243T>C/1243T>C	1e-12	1e-12	0.0006812100000000001	4.9e-07	0.0005428900000000001	1e-12	0.00026568999999999996	1e-12	1e-12
1243T>C/1494C>T	1e-12	1e-12	1.827e-05	7e-10	6.99e-06	1e-12	1.6299999999999997e-08	1e-12	1e-12
1243T>C/1520T>C	1e-12	1e-12	2.6100000000000002e-08	6.16e-06	4.66e-06	1e-12	1.6299999999999997e-08	1e-12	1e-12
1243T>C/1537C>T	1e-12	1e-12	2.6100000000000002e-08	7e-10	9.32e-06	1e-12	1.6299999999999997e-08	1e-12	1e-12
1243T>C/1555A>G	1e-12	1e-12	2.8710000000000005e-05	1.267e-05	2.5630000000000004e-05	1e-12	2.282e-05	1e-12	3e-09
1243T>C/1556C>T	1e-12	1e-12	2.6100000000000002e-08	7e-10	2.33e-08	1e-12	1.6299999999999997e-08	1e-12	1e-12
1243T>C/Reference	1e-12	1e-12	0.02553102	0.0006842500000000001	0.02297613	1e-12	0.0147841	1e-12	9.741e-07
1494C>T/663A>G	1e-12	1e-12	2.31e-06	4.99e-08	4.5e-07	1e-12	1e-12	1e-12	1e-12
1494C>T/669T>C	1e-12	1e-12	7e-10	1e-12	7.499999999999999e-07	1e-12	1e-12	1e-12	1e-12
1494C>T/747A>G	1e-12	1e-12	9.1e-07	1e-12	2.9999999999999995e-10	1e-12	1e-12	1e-12	1e-12
1494C>T/786G>A	1e-12	1e-12	7e-10	1e-12	2.9999999999999995e-10	1e-12	1e-12	1e-12	1e-12
1494C>T/807A>C	1e-12	1e-12	7e-10	1e-12	2.9999999999999995e-10	1e-12	1e-12	1e-12	1e-12
1494C>T/807A>G	1e-12	1e-12	7e-10	1e-12	2.9999999999999995e-10	1e-12	1e-12	1e-12	1e-12
1494C>T/827A>G	1e-12	1e-12	7e-10	3.53e-08	5.399999999999999e-07	1e-12	1e-12	1e-12	1e-12
1494C>T/839A>G	1e-12	1e-12	7e-10	1e-12	3e-08	1e-12	1e-12	1e-12	1e-12
1494C>T/896A>G	1e-12	1e-12	7e-10	1e-12	9e-07	1e-12	1e-12	1e-12	1e-12
1494C>T/930A>G	1e-12	1e-12	5.18e-06	4.1e-09	1.296e-05	1e-12	3.4099999999999994e-08	1e-12	1e-12
1494C>T/951G>A	1e-12	1e-12	4.9e-07	3.4e-09	3.869999999999999e-06	1e-12	1e-12	1e-12	1e-12
1494C>T/960C>del	1e-12	1e-12	7e-10	1e-12	2.9999999999999995e-10	1e-12	1e-12	1e-12	1e-12
1494C>T/961T>G	1e-12	1e-12	7e-10	1e-12	4.11e-06	1e-12	4.899999999999999e-09	1e-12	1e-12
1494C>T/961T>del	1e-12	1e-12	7e-10	1e-12	2.9999999999999995e-10	1e-12	1e-12	1e-12	1e-12
1494C>T/961T>del+Cn	1e-12	1e-12	7e-10	4.95e-08	7.799999999999999e-07	1e-12	1e-12	1e-12	6.859999999999999e-08
1494C>T/988G>A	1e-12	1e-12	7e-10	1e-12	3.3e-07	1e-12	1e-12	1e-12	1e-12
1494C>T/1095T>C	1e-12	1e-12	4.9e-07	1.5e-09	1.7999999999999997e-07	1e-12	1e-12	1e-12	1e-12
1494C>T/1189T>C	1e-12	1e-12	4.69e-06	7e-10	1.6979999999999997e-05	1e-12	2.285e-07	1e-12	1e-12
1494C>T/1243T>C	1e-12	1e-12	1.827e-05	7e-10	6.99e-06	1e-12	1.6299999999999997e-08	1e-12	1e-12
1494C>T/1494C>T	1e-12	1e-12	4.9e-07	1e-12	8.999999999999999e-08	1e-12	1e-12	1e-12	1e-12
1494C>T/1520T>C	1e-12	1e-12	7e-10	8.8e-09	6e-08	1e-12	1e-12	1e-12	1e-12
1494C>T/1537C>T	1e-12	1e-12	7e-10	1e-12	1.2e-07	1e-12	1e-12	1e-12	1e-12
1494C>T/1555A>G	1e-12	1e-12	7.7e-07	1.81e-08	3.3e-07	1e-12	1.4e-09	1e-12	3e-09
1494C>T/1556C>T	1e-12	1e-12	7e-10	1e-12	2.9999999999999995e-10	1e-12	1e-12	1e-12	1e-12
1494C>T/Reference	1e-12	1e-12	0.00068474	9.775e-07	0.00029582999999999996	1e-12	9.07e-07	1e-12	9.741e-07
1520T>C/663A>G	1e-12	1e-12	3.2999999999999998e-09	0.00043912000000000004	3.0000000000000004e-07	1e-12	1e-12	1e-12	1e-12
1520T>C/669T>C	1e-12	1e-12	1e-12	8.8e-09	5.000000000000001e-07	1e-12	1e-12	1e-12	1e-12
1520T>C/747A>G	1e-12	1e-12	1.2999999999999999e-09	8.8e-09	2e-10	1e-12	1e-12	1e-12	1e-12
1520T>C/786G>A	1e-12	1e-12	1e-12	8.8e-09	2e-10	1e-12	1e-12	1e-12	1e-12
1520T>C/807A>C	1e-12	1e-12	1e-12	8.8e-09	2e-10	1e-12	1e-12	1e-12	1e-12
1520T>C/807A>G	1e-12	1e-12	1e-12	8.8e-09	2e-10	1e-12	1e-12	1e-12	1e-12
1520T>C/827A>G	1e-12	1e-12	1e-12	0.00031064	3.6e-07	1e-12	1e-12	1e-12	1e-12
1520T>C/839A>G	1e-12	1e-12	1e-12	8.8e-09	2e-08	1e-12	1e-12	1e-12	1e-12
1520T>C/896A>G	1e-12	1e-12	1e-12	8.8e-09	6.000000000000001e-07	1e-12	1e-12	1e-12	1e-12
1520T>C/930A>G	1e-12	1e-12	7.4e-09	3.608000000000001e-05	8.64e-06	1e-12	3.4099999999999994e-08	1e-12	1e-12
1520T>C/951G>A	1e-12	1e-12	7e-10	2.992e-05	2.5800000000000003e-06	1e-12	1e-12	1e-12	1e-12
1520T>C/960C>del	1e-12	1e-12	1e-12	8.8e-09	2e-10	1e-12	1e-12	1e-12	1e-12
1520T>C/961T>G	1e-12	1e-12	1e-12	8.8e-09	2.74e-06	1e-12	4.899999999999999e-09	1e-12	1e-12
1520T>C/961T>del	1e-12	1e-12	1e-12	8.8e-09	2e-10	1e-12	1e-12	1e-12	1e-12
1520T>C/961T>del+Cn	1e-12	1e-12	1e-12	0.00043560000000000007	5.2e-07	1e-12	1e-12	1e-12	6.859999999999999e-08
1520T>C/988G>A	1e-12	1e-12	1e-12	8.8e-09	2.2e-07	1e-12	1e-12	1e-12	1e-12
1520T>C/1095T>C	1e-12	1e-12	7e-10	1.32e-05	1.2e-07	1e-12	1e-12	1e-12	1e-12
1520T>C/1189T>C	1e-12	1e-12	6.7e-09	6.16e-06	1.132e-05	1e-12	2.285e-07	1e-12	1e-12
1520T>C/1243T>C	1e-12	1e-12	2.6100000000000002e-08	6.16e-06	4.66e-06	1e-12	1.6299999999999997e-08	1e-12	1e-12
1520T>C/1494C>T	1e-12	1e-12	7e-10	8.8e-09	6e-08	1e-12	1e-12	1e-12	1e-12
1520T>C/1520T>C	1e-12	1e-12	1e-12	7.744e-05	4e-08	1e-12	1e-12	1e-12	1e-12
1520T>C/1537C>T	1e-12	1e-12	1e-12	8.8e-09	8e-08	1e-12	1e-12	1e-12	1e-12
1520T>C/1555A>G	1e-12	1e-12	1.1e-09	0.00015928000000000003	2.2e-07	1e-12	1.4e-09	1e-12	3e-09
1520T>C/1556C>T	1e-12	1e-12	1e-12	8.8e-09	2e-10	1e-12	1e-12	1e-12	1e-12
1520T>C/Reference	1e-12	1e-12	9.782e-07	0.008602	0.00019722	1e-12	9.07e-07	1e-12	9.741e-07
1537C>T/663A>G	1e-12	1e-12	3.2999999999999998e-09	4.99e-08	6.000000000000001e-07	1e-12	1e-12	1e-12	1e-12
1537C>T/669T>C	1e-12	1e-12	1e-12	1e-12	1.0000000000000002e-06	1e-12	1e-12	1e-12	1e-12
1537C>T/747A>G	1e-12	1e-12	1.2999999999999999e-09	1e-12	4e-10	1e-12	1e-12	1e-12	1e-12
1537C>T/786G>A	1e-12	1e-12	1e-12	1e-12	4e-10	1e-12	1e-12	1e-12	1e-12
1537C>T/807A>C	1e-12	1e-12	1e-12	1e-12	4e-10	1e-12	1e-12	1e-12	1e-12
1537C>T/807A>G	1e-12	1e-12	1e-12	1e-12	4e-10	1e-12	1e-12	1e-12	1e-12
1537C>T/827A>G	1e-12	1e-12	1e-12	3.53e-08	7.2e-07	1e-12	1e-12	1e-12	1e-12
1537C>T/839A>G	1e-12	1e-12	1e-12	1e-12	4e-08	1e-12	1e-12	1e-12	1e-12
1537C>T/896A>G	1e-12	1e-12	1e-12	1e-12	1.2000000000000002e-06	1e-12	1e-12	1e-12	1e-12
1537C>T/930A>G	1e-12	1e-12	7.4e-09	4.1e-09	1.728e-05	1e-12	3.4099999999999994e-08	1e-12	1e-12
1537C>T/951G>A	1e-12	1e-12	7e-10	3.4e-09	5.1600000000000006e-06	1e-12	1e-12	1e-12	1e-12
1537C>T/960C>del	1e-12	1e-12	1e-12	1e-12	4e-10	1e-12	1e-12	1e-12	1e-12
1537C>T/961T>G	1e-12	1e-12	1e-12	1e-12	5.48e-06	1e-12	4.899999999999999e-09	1e-12	1e-12
1537C>T/961T>del	1e-12	1e-12	1e-12	1e-12	4e-10	1e-12	1e-12	1e-12	1e-12
1537C>T/961T>del+Cn	1e-12	1e-12	1e-12	4.95e-08	1.04e-06	1e-12	1e-12	1e-12	6.859999999999999e-08
1537C>T/988G>A	1e-12	1e-12	1e-12	1e-12	4.4e-07	1e-12	1e-12	1e-12	1e-12
1537C>T/1095T>C	1e-12	1e-12	7e-10	1.5e-09	2.4e-07	1e-12	1e-12	1e-12	1e-12
1537C>T/1189T>C	1e-12	1e-12	6.7e-09	7e-10	2.264e-05	1e-12	2.285e-07	1e-12	1e-12
1537C>T/1243T>C	1e-12	1e-12	2.6100000000000002e-08	7e-10	9.32e-06	1e-12	1.6299999999999997e-08	1e-12	1e-12
1537C>T/1494C>T	1e-12	1e-12	7e-10	1e-12	1.2e-07	1e-12	1e-12	1e-12	1e-12
1537C>T/1520T>C	1e-12	1e-12	1e-12	8.8e-09	8e-08	1e-12	1e-12	1e-12	1e-12
1537C>T/1537C>T	1e-12	1e-12	1e-12	1e-12	1.6e-07	1e-12	1e-12	1e-12	1e-12
1537C>T/1555A>G	1e-12	1e-12	1.1e-09	1.81e-08	4.4e-07	1e-12	1.4e-09	1e-12	3e-09
1537C>T/1556C>T	1e-12	1e-12	1e-12	1e-12	4e-10	1e-12	1e-12	1e-12	1e-12
1537C>T/Reference	1e-12	1e-12	9.782e-07	9.775e-07	0.00039444	1e-12	9.07e-07	1e-12	9.741e-07
1555A>G/663A>G	1e-12	1e-12	3.6300000000000004e-06	0.0009031900000000001	1.65e-06	1e-12	1.4e-09	1e-12	3e-09
1555A>G/669T>C	1e-12	1e-12	1.1e-09	1.81e-08	2.7500000000000004e-06	1e-12	1.4e-09	1e-12	3e-09
1555A>G/747A>G	1e-12	1e-12	1.43e-06	1.81e-08	1.1e-09	1e-12	1.4e-09	1e-12	3e-09
1555A>G/786G>A	1e-12	1e-12	1.1e-09	1.81e-08	1.1e-09	1e-12	1.4e-09	1e-12	3e-09
1555A>G/807A>C	1e-12	1e-12	1.1e-09	1.81e-08	1.1e-09	1e-12	1.4e-09	1e-12	3e-09
1555A>G/807A>G	1e-12	1e-12	1.1e-09	1.81e-08	1.1e-09	1e-12	1.4e-09	1e-12	3e-09
1555A>G/827A>G	1e-12	1e-12	1.1e-09	0.00063893	1.98e-06	1e-12	1.4e-09	1e-12	3e-09
1555A>G/839A>G	1e-12	1e-12	1.1e-09	1.81e-08	1.1e-07	1e-12	1.4e-09	1e-12	3e-09
1555A>G/896A>G	1e-12	1e-12	1.1e-09	1.81e-08	3.3e-06	1e-12	1.4e-09	1e-12	3e-09
1555A>G/930A>G	1e-12	1e-12	8.140000000000002e-06	7.421000000000001e-05	4.7520000000000006e-05	1e-12	4.774e-05	1e-12	3e-09
1555A>G/951G>A	1e-12	1e-12	7.7e-07	6.154e-05	1.4190000000000001e-05	1e-12	1.4e-09	1e-12	3e-09
1555A>G/960C>del	1e-12	1e-12	1.1e-09	1.81e-08	1.1e-09	1e-12	1.4e-09	1e-12	3e-09
1555A>G/961T>G	1e-12	1e-12	1.1e-09	1.81e-08	1.5070000000000001e-05	1e-12	6.8599999999999995e-06	1e-12	3e-09
1555A>G/961T>del	1e-12	1e-12	1.1e-09	1.81e-08	1.1e-09	1e-12	1.4e-09	1e-12	3e-09
1555A>G/961T>del+Cn	1e-12	1e-12	1.1e-09	0.0008959500000000001	2.86e-06	1e-12	1.4e-09	1e-12	0.0002058
1555A>G/988G>A	1e-12	1e-12	1.1e-09	1.81e-08	1.21e-06	1e-12	1.4e-09	1e-12	3e-09
1555A>G/1095T>C	1e-12	1e-12	7.7e-07	2.7150000000000003e-05	6.6e-07	1e-12	1.4e-09	1e-12	3e-09
1555A>G/1189T>C	1e-12	1e-12	7.370000000000001e-06	1.267e-05	6.226e-05	1e-12	0.0003199	1e-12	3e-09
1555A>G/1243T>C	1e-12	1e-12	2.8710000000000005e-05	1.267e-05	2.5630000000000004e-05	1e-12	2.282e-05	1e-12	3e-09
1555A>G/1494C>T	1e-12	1e-12	7.7e-07	1.81e-08	3.3e-07	1e-12	1.4e-09	1e-12	3e-09
1555A>G/1520T>C	1e-12	1e-12	1.1e-09	0.00015928000000000003	2.2e-07	1e-12	1.4e-09	1e-12	3e-09
1555A>G/1537C>T	1e-12	1e-12	1.1e-09	1.81e-08	4.4e-07	1e-12	1.4e-09	1e-12	3e-09
1555A>G/1555A>G	1e-12	1e-12	1.21e-06	0.00032761000000000004	1.21e-06	1e-12	1.96e-06	1e-12	9e-06
1555A>G/1556C>T	1e-12	1e-12	1.1e-09	1.81e-08	1.1e-09	1e-12	1.4e-09	1e-12	3e-09
1555A>G/Reference	1e-12	1e-12	0.00107602	0.017692750000000004	0.00108471	1e-12	0.0012698	1e-12	0.0029223
1556C>T/663A>G	1e-12	1e-12	3.2999999999999998e-09	4.99e-08	1.5e-09	1e-12	1e-12	1e-12	1e-12
1556C>T/669T>C	1e-12	1e-12	1e-12	1e-12	2.5e-09	1e-12	1e-12	1e-12	1e-12
1556C>T/747A>G	1e-12	1e-12	1.2999999999999999e-09	1e-12	1e-12	1e-12	1e-12	1e-12	1e-12
1556C>T/786G>A	1e-12	1e-12	1e-12	1e-12	1e-12	1e-12	1e-12	1e-12	1e-12
1556C>T/807A>C	1e-12	1e-12	1e-12	1e-12	1e-12	1e-12	1e-12	1e-12	1e-12
1556C>T/807A>G	1e-12	1e-12	1e-12	1e-12	1e-12	1e-12	1e-12	1e-12	1e-12
1556C>T/827A>G	1e-12	1e-12	1e-12	3.53e-08	1.7999999999999998e-09	1e-12	1e-12	1e-12	1e-12
1556C>T/839A>G	1e-12	1e-12	1e-12	1e-12	1e-10	1e-12	1e-12	1e-12	1e-12
1556C>T/896A>G	1e-12	1e-12	1e-12	1e-12	3e-09	1e-12	1e-12	1e-12	1e-12
1556C>T/930A>G	1e-12	1e-12	7.4e-09	4.1e-09	4.32e-08	1e-12	3.4099999999999994e-08	1e-12	1e-12
1556C>T/951G>A	1e-12	1e-12	7e-10	3.4e-09	1.29e-08	1e-12	1e-12	1e-12	1e-12
1556C>T/960C>del	1e-12	1e-12	1e-12	1e-12	1e-12	1e-12	1e-12	1e-12	1e-12
1556C>T/961T>G	1e-12	1e-12	1e-12	1e-12	1.37e-08	1e-12	4.899999999999999e-09	1e-12	1e-12
1556C>T/961T>del	1e-12	1e-12	1e-12	1e-12	1e-12	1e-12	1e-12	1e-12	1e-12
1556C>T/961T>del+Cn	1e-12	1e-12	1e-12	4.95e-08	2.5999999999999997e-09	1e-12	1e-12	1e-12	6.859999999999999e-08
1556C>T/988G>A	1e-12	1e-12	1e-12	1e-12	1.1e-09	1e-12	1e-12	1e-12	1e-12
1556C>T/1095T>C	1e-12	1e-12	7e-10	1.5e-09	5.999999999999999e-10	1e-12	1e-12	1e-12	1e-12
1556C>T/1189T>C	1e-12	1e-12	6.7e-09	7e-10	5.66e-08	1e-12	2.285e-07	1e-12	1e-12
1556C>T/1243T>C	1e-12	1e-12	2.6100000000000002e-08	7e-10	2.33e-08	1e-12	1.6299999999999997e-08	1e-12	1e-12
1556C>T/1494C>T	1e-12	1e-12	7e-10	1e-12	2.9999999999999995e-10	1e-12	1e-12	1e-12	1e-12
1556C>T/1520T>C	1e-12	1e-12	1e-12	8.8e-09	2e-10	1e-12	1e-12	1e-12	1e-12
1556C>T/1537C>T	1e-12	1e-12	1e-12	1e-12	4e-10	1e-12	1e-12	1e-12	1e-12
1556C>T/1555A>G	1e-12	1e-12	1.1e-09	1.81e-08	1.1e-09	1e-12	1.4e-09	1e-12	3e-09
1556C>T/1556C>T	1e-12	1e-12	1e-12	1e-12	1e-12	1e-12	1e-12	1e-12	1e-12
1556C>T/Reference	1e-12	1e-12	9.782e-07	9.775e-07	9.861e-07	1e-12	9.07e-07	1e-12	9.741e-07
Reference/663A>G	1e-12	1e-12	0.00322806	0.04877725	0.00147915	1e-12	9.07e-07	1e-12	9.741e-07
Reference/669T>C	1e-12	1e-12	9.782e-07	9.775e-07	0.00246525	1e-12	9.07e-07	1e-12	9.741e-07
Reference/747A>G	1e-12	1e-12	0.00127166	9.775e-07	9.861e-07	1e-12	9.07e-07	1e-12	9.741e-07
Reference/786G>A	1e-12	1e-12	9.782e-07	9.775e-07	9.861e-07	1e-12	9.07e-07	1e-12	9.741e-07
Reference/807A>C	1e-12	1e-12	9.782e-07	9.775e-07	9.861e-07	1e-12	9.07e-07	1e-12	9.741e-07
Reference/807A>G	1e-12	1e-12	9.782e-07	9.775e-07	9.861e-07	1e-12	9.07e-07	1e-12	9.741e-07
Reference/827A>G	1e-12	1e-12	9.782e-07	0.03450575	0.00177498	1e-12	9.07e-07	1e-12	9.741e-07
Reference/839A>G	1e-12	1e-12	9.782e-07	9.775e-07	9.861e-05	1e-12	9.07e-07	1e-12	9.741e-07
Reference/896A>G	1e-12	1e-12	9.782e-07	9.775e-07	0.0029583	1e-12	9.07e-07	1e-12	9.741e-07
Reference/930A>G	1e-12	1e-12	0.00723868	0.004007750000000001	0.04259952	1e-12	0.0309287	1e-12	9.741e-07
Reference/951G>A	1e-12	1e-12	0.00068474	0.0033235	0.01272069	1e-12	9.07e-07	1e-12	9.741e-07
Reference/960C>del	1e-12	1e-12	9.782e-07	9.775e-07	9.861e-07	1e-12	9.07e-07	1e-12	9.741e-07
Reference/961T>G	1e-12	1e-12	9.782e-07	9.775e-07	0.01350957	1e-12	0.0044443	1e-12	9.741e-07
Reference/961T>del	1e-12	1e-12	9.782e-07	9.775e-07	9.861e-07	1e-12	9.07e-07	1e-12	9.741e-07
Reference/961T>del+Cn	1e-12	1e-12	9.782e-07	0.048386250000000006	0.00256386	1e-12	9.07e-07	1e-12	0.06682326
Reference/988G>A	1e-12	1e-12	9.782e-07	9.775e-07	0.00108471	1e-12	9.07e-07	1e-12	9.741e-07
Reference/1095T>C	1e-12	1e-12	0.00068474	0.00146625	0.0005916599999999999	1e-12	9.07e-07	1e-12	9.741e-07
Reference/1189T>C	1e-12	1e-12	0.00655394	0.0006842500000000001	0.055813259999999996	1e-12	0.2072495	1e-12	9.741e-07
Reference/1243T>C	1e-12	1e-12	0.02553102	0.0006842500000000001	0.02297613	1e-12	0.0147841	1e-12	9.741e-07
Reference/1494C>T	1e-12	1e-12	0.00068474	9.775e-07	0.00029582999999999996	1e-12	9.07e-07	1e-12	9.741e-07
Reference/1520T>C	1e-12	1e-12	9.782e-07	0.008602	0.00019722	1e-12	9.07e-07	1e-12	9.741e-07
Reference/1537C>T	1e-12	1e-12	9.782e-07	9.775e-07	0.00039444	1e-12	9.07e-07	1e-12	9.741e-07
Reference/1555A>G	1e-12	1e-12	0.00107602	0.017692750000000004	0.00108471	1e-12	0.0012698	1e-12	0.0029223
Reference/1556C>T	1e-12	1e-12	9.782e-07	9.775e-07	9.861e-07	1e-12	9.07e-07	1e-12	9.741e-07
Reference/Reference	1e-12	1e-12	0.9568752399999999	0.9555062500000001	0.97239321	1e-12	0.8226490000000001	1e-12	0.94887081
