SLCO1B1_allele	African_American_Afro_Caribbean	American	Central_South_Asian	East_Asian	European	Latino	Near_Eastern	Oceanian	Sub_Saharan_African
*1/*1	0.0529	0.1369	0.9942084099999999	0.92294449	0.9928129599999999	1e-12	0.24009999999999998	0.11560000000000002	0.029343690000000002
*1/*10	4.6e-07	7.4e-07	1.9942e-06	1.9214e-06	1.9928e-06	2e-12	9.8e-07	6.800000000000001e-07	3.426e-07
*1/*11	4.6e-07	7.4e-07	1.9942e-06	1.9214e-06	1.9928e-06	2e-12	9.8e-07	6.800000000000001e-07	3.426e-07
*1/*12	4.6e-07	7.4e-07	1.9942e-06	1.9214e-06	1.9928e-06	2e-12	9.8e-07	6.800000000000001e-07	3.426e-07
*1/*13	4.6e-07	7.4e-07	1.9942e-06	1.9214e-06	1.9928e-06	2e-12	9.8e-07	6.800000000000001e-07	3.426e-07
*1/*14	4.6e-07	7.4e-07	1.9942e-06	1.9214e-06	0.27022367999999997	2e-12	9.8e-07	6.800000000000001e-07	3.426e-07
*1/*15	0.0046	0.17759999999999998	0.13002184	0.2392143	0.29931856	2e-12	0.147	6.800000000000001e-07	0.00955854
*1/*16	4.6e-07	7.4e-07	1.9942e-06	0.008646299999999999	0.0011956799999999997	2e-12	9.8e-07	6.800000000000001e-07	3.426e-07
*1/*19	4.6e-07	7.4e-07	1.9942e-06	1.9214e-06	1.9928e-06	2e-12	9.8e-07	6.800000000000001e-07	3.426e-07
*1/*2	4.6e-07	7.4e-07	1.9942e-06	1.9214e-06	1.9928e-06	2e-12	9.8e-07	6.800000000000001e-07	3.426e-07
*1/*20	4.6e-07	7.4e-07	1.9942e-06	1.9214e-06	0.07453072000000001	2e-12	9.8e-07	6.800000000000001e-07	3.426e-07
*1/*23	4.6e-07	7.4e-07	0.00019942	1.9214e-06	0.00019928	2e-12	9.8e-07	6.800000000000001e-07	3.426e-07
*1/*24	4.6e-07	7.4e-07	1.9942e-06	1.9214e-06	1.9928e-06	2e-12	9.8e-07	6.800000000000001e-07	3.426e-07
*1/*25	4.6e-07	7.4e-07	1.9942e-06	1.9214e-06	1.9928e-06	2e-12	9.8e-07	6.800000000000001e-07	3.426e-07
*1/*26	4.6e-07	7.4e-07	0.00059826	1.9214e-06	0.00039856	2e-12	9.8e-07	6.800000000000001e-07	3.426e-07
*1/*27	4.6e-07	7.4e-07	1.9942e-06	1.9214e-06	1.9928e-06	2e-12	9.8e-07	6.800000000000001e-07	3.426e-07
*1/*28	4.6e-07	7.4e-07	1.9942e-06	1.9214e-06	1.9928e-06	2e-12	9.8e-07	6.800000000000001e-07	3.426e-07
*1/*29	4.6e-07	7.4e-07	1.9942e-06	1.9214e-06	1.9928e-06	2e-12	9.8e-07	6.800000000000001e-07	3.426e-07
*1/*3	4.6e-07	7.4e-07	1.9942e-06	1.9214e-06	1.9928e-06	2e-12	9.8e-07	6.800000000000001e-07	3.426e-07
*1/*30	4.6e-07	7.4e-07	1.9942e-06	1.9214e-06	1.9928e-06	2e-12	9.8e-07	6.800000000000001e-07	3.426e-07
*1/*31	4.6e-07	7.4e-07	1.9942e-06	1.9214e-06	1.9928e-06	2e-12	9.8e-07	6.800000000000001e-07	3.426e-07
*1/*32	4.6e-07	7.4e-07	1.9942e-06	1.9214e-06	1.9928e-06	2e-12	9.8e-07	6.800000000000001e-07	3.426e-07
*1/*33	4.6e-07	7.4e-07	1.9942e-06	1.9214e-06	1.9928e-06	2e-12	9.8e-07	6.800000000000001e-07	3.426e-07
*1/*34	4.6e-07	7.4e-07	1.9942e-06	1.9214e-06	1.9928e-06	2e-12	9.8e-07	6.800000000000001e-07	3.426e-07
*1/*36	4.6e-07	7.4e-07	1.9942e-06	1.9214e-06	1.9928e-06	2e-12	9.8e-07	6.800000000000001e-07	3.426e-07
*1/*37	0.3496	0.2886	0.9177308399999999	1.18108458	0.50358056	2e-12	0.3038	0.44880000000000003	0.27435408
*1/*38	4.6e-07	7.4e-07	1.9942e-06	1.9214e-06	1.9928e-06	2e-12	9.8e-07	6.800000000000001e-07	3.426e-07
*1/*39	4.6e-07	7.4e-07	1.9942e-06	1.9214e-06	1.9928e-06	2e-12	9.8e-07	6.800000000000001e-07	3.426e-07
*1/*4	4.6e-07	7.4e-07	1.9942e-06	1.9214e-06	1.9928e-06	2e-12	9.8e-07	6.800000000000001e-07	3.426e-07
*1/*40	4.6e-07	7.4e-07	1.9942e-06	1.9214e-06	1.9928e-06	2e-12	9.8e-07	6.800000000000001e-07	3.426e-07
*1/*41	4.6e-07	7.4e-07	1.9942e-06	1.9214e-06	0.00019928	2e-12	9.8e-07	6.800000000000001e-07	3.426e-07
*1/*42	4.6e-07	7.4e-07	1.9942e-06	1.9214e-06	1.9928e-06	2e-12	9.8e-07	6.800000000000001e-07	3.426e-07
*1/*43	4.6e-07	7.4e-07	1.9942e-06	1.9214e-06	1.9928e-06	2e-12	9.8e-07	6.800000000000001e-07	3.426e-07
*1/*44	4.6e-07	7.4e-07	1.9942e-06	1.9214e-06	1.9928e-06	2e-12	9.8e-07	6.800000000000001e-07	3.426e-07
*1/*45	4.6e-07	7.4e-07	1.9942e-06	1.9214e-06	1.9928e-06	2e-12	9.8e-07	6.800000000000001e-07	3.426e-07
*1/*46	4.6e-07	7.4e-07	1.9942e-06	1.9214e-06	1.9928e-06	2e-12	9.8e-07	6.800000000000001e-07	3.426e-07
*1/*47	4.6e-07	7.4e-07	1.9942e-06	1.9214e-06	1.9928e-06	2e-12	9.8e-07	6.800000000000001e-07	3.426e-07
*1/*48	4.6e-07	7.4e-07	1.9942e-06	1.9214e-06	1.9928e-06	2e-12	9.8e-07	6.800000000000001e-07	3.426e-07
*1/*49	4.6e-07	7.4e-07	1.9942e-06	1.9214e-06	1.9928e-06	2e-12	9.8e-07	6.800000000000001e-07	3.426e-07
*1/*5	4.6e-07	7.4e-07	0.0089739	0.0019214	0.04065312	2e-12	0.049	6.800000000000001e-07	3.426e-07
*1/*6	4.6e-07	7.4e-07	1.9942e-06	1.9214e-06	1.9928e-06	2e-12	9.8e-07	6.800000000000001e-07	3.426e-07
*1/*7	4.6e-07	7.4e-07	1.9942e-06	1.9214e-06	1.9928e-06	2e-12	9.8e-07	6.800000000000001e-07	3.426e-07
*1/*8	4.6e-07	7.4e-07	1.9942e-06	1.9214e-06	1.9928e-06	2e-12	9.8e-07	6.800000000000001e-07	3.426e-07
*1/*9	4.6e-07	7.4e-07	1.9942e-06	1.9214e-06	1.9928e-06	2e-12	9.8e-07	6.800000000000001e-07	3.426e-07
*10/*10	1e-12	1e-12	1e-12	1e-12	1e-12	1e-12	1e-12	1e-12	1e-12
*10/*11	2e-12	2e-12	2e-12	2e-12	2e-12	2e-12	2e-12	2e-12	2e-12
*10/*12	2e-12	2e-12	2e-12	2e-12	2e-12	2e-12	2e-12	2e-12	2e-12
*10/*13	2e-12	2e-12	2e-12	2e-12	2e-12	2e-12	2e-12	2e-12	2e-12
*10/*14	2e-12	2e-12	2e-12	2e-12	2.712e-07	2e-12	2e-12	2e-12	2e-12
*10/*15	2e-08	4.8e-07	1.3039999999999998e-07	2.4899999999999997e-07	3.0039999999999996e-07	2e-12	3e-07	2e-12	5.58e-08
*10/*16	2e-12	2e-12	2e-12	9e-09	1.1999999999999998e-09	2e-12	2e-12	2e-12	2e-12
*10/*19	2e-12	2e-12	2e-12	2e-12	2e-12	2e-12	2e-12	2e-12	2e-12
*10/*2	2e-12	2e-12	2e-12	2e-12	2e-12	2e-12	2e-12	2e-12	2e-12
*10/*20	2e-12	2e-12	2e-12	2e-12	7.480000000000001e-08	2e-12	2e-12	2e-12	2e-12
*10/*23	2e-12	2e-12	2e-10	2e-12	2e-10	2e-12	2e-12	2e-12	2e-12
*10/*24	2e-12	2e-12	2e-12	2e-12	2e-12	2e-12	2e-12	2e-12	2e-12
*10/*25	2e-12	2e-12	2e-12	2e-12	2e-12	2e-12	2e-12	2e-12	2e-12
*10/*26	2e-12	2e-12	5.999999999999999e-10	2e-12	4e-10	2e-12	2e-12	2e-12	2e-12
*10/*27	2e-12	2e-12	2e-12	2e-12	2e-12	2e-12	2e-12	2e-12	2e-12
*10/*28	2e-12	2e-12	2e-12	2e-12	2e-12	2e-12	2e-12	2e-12	2e-12
*10/*29	2e-12	2e-12	2e-12	2e-12	2e-12	2e-12	2e-12	2e-12	2e-12
*10/*3	2e-12	2e-12	2e-12	2e-12	2e-12	2e-12	2e-12	2e-12	2e-12
*10/*30	2e-12	2e-12	2e-12	2e-12	2e-12	2e-12	2e-12	2e-12	2e-12
*10/*31	2e-12	2e-12	2e-12	2e-12	2e-12	2e-12	2e-12	2e-12	2e-12
*10/*32	2e-12	2e-12	2e-12	2e-12	2e-12	2e-12	2e-12	2e-12	2e-12
*10/*33	2e-12	2e-12	2e-12	2e-12	2e-12	2e-12	2e-12	2e-12	2e-12
*10/*34	2e-12	2e-12	2e-12	2e-12	2e-12	2e-12	2e-12	2e-12	2e-12
*10/*36	2e-12	2e-12	2e-12	2e-12	2e-12	2e-12	2e-12	2e-12	2e-12
*10/*37	1.5199999999999998e-06	7.799999999999999e-07	9.203999999999999e-07	1.2294e-06	5.054e-07	2e-12	6.2e-07	1.32e-06	1.6015999999999998e-06
*10/*38	2e-12	2e-12	2e-12	2e-12	2e-12	2e-12	2e-12	2e-12	2e-12
*10/*39	2e-12	2e-12	2e-12	2e-12	2e-12	2e-12	2e-12	2e-12	2e-12
*10/*4	2e-12	2e-12	2e-12	2e-12	2e-12	2e-12	2e-12	2e-12	2e-12
*10/*40	2e-12	2e-12	2e-12	2e-12	2e-12	2e-12	2e-12	2e-12	2e-12
*10/*41	2e-12	2e-12	2e-12	2e-12	2e-10	2e-12	2e-12	2e-12	2e-12
*10/*42	2e-12	2e-12	2e-12	2e-12	2e-12	2e-12	2e-12	2e-12	2e-12
*10/*43	2e-12	2e-12	2e-12	2e-12	2e-12	2e-12	2e-12	2e-12	2e-12
*10/*44	2e-12	2e-12	2e-12	2e-12	2e-12	2e-12	2e-12	2e-12	2e-12
*10/*45	2e-12	2e-12	2e-12	2e-12	2e-12	2e-12	2e-12	2e-12	2e-12
*10/*46	2e-12	2e-12	2e-12	2e-12	2e-12	2e-12	2e-12	2e-12	2e-12
*10/*47	2e-12	2e-12	2e-12	2e-12	2e-12	2e-12	2e-12	2e-12	2e-12
*10/*48	2e-12	2e-12	2e-12	2e-12	2e-12	2e-12	2e-12	2e-12	2e-12
*10/*49	2e-12	2e-12	2e-12	2e-12	2e-12	2e-12	2e-12	2e-12	2e-12
*10/*5	2e-12	2e-12	9e-09	2e-09	4.08e-08	2e-12	1e-07	2e-12	2e-12
*10/*6	2e-12	2e-12	2e-12	2e-12	2e-12	2e-12	2e-12	2e-12	2e-12
*10/*7	2e-12	2e-12	2e-12	2e-12	2e-12	2e-12	2e-12	2e-12	2e-12
*10/*8	2e-12	2e-12	2e-12	2e-12	2e-12	2e-12	2e-12	2e-12	2e-12
*10/*9	2e-12	2e-12	2e-12	2e-12	2e-12	2e-12	2e-12	2e-12	2e-12
*11/*11	1e-12	1e-12	1e-12	1e-12	1e-12	1e-12	1e-12	1e-12	1e-12
*11/*12	2e-12	2e-12	2e-12	2e-12	2e-12	2e-12	2e-12	2e-12	2e-12
*11/*13	2e-12	2e-12	2e-12	2e-12	2e-12	2e-12	2e-12	2e-12	2e-12
*11/*14	2e-12	2e-12	2e-12	2e-12	2.712e-07	2e-12	2e-12	2e-12	2e-12
*11/*15	2e-08	4.8e-07	1.3039999999999998e-07	2.4899999999999997e-07	3.0039999999999996e-07	2e-12	3e-07	2e-12	5.58e-08
*11/*16	2e-12	2e-12	2e-12	9e-09	1.1999999999999998e-09	2e-12	2e-12	2e-12	2e-12
*11/*19	2e-12	2e-12	2e-12	2e-12	2e-12	2e-12	2e-12	2e-12	2e-12
*11/*2	2e-12	2e-12	2e-12	2e-12	2e-12	2e-12	2e-12	2e-12	2e-12
*11/*20	2e-12	2e-12	2e-12	2e-12	7.480000000000001e-08	2e-12	2e-12	2e-12	2e-12
*11/*23	2e-12	2e-12	2e-10	2e-12	2e-10	2e-12	2e-12	2e-12	2e-12
*11/*24	2e-12	2e-12	2e-12	2e-12	2e-12	2e-12	2e-12	2e-12	2e-12
*11/*25	2e-12	2e-12	2e-12	2e-12	2e-12	2e-12	2e-12	2e-12	2e-12
*11/*26	2e-12	2e-12	5.999999999999999e-10	2e-12	4e-10	2e-12	2e-12	2e-12	2e-12
*11/*27	2e-12	2e-12	2e-12	2e-12	2e-12	2e-12	2e-12	2e-12	2e-12
*11/*28	2e-12	2e-12	2e-12	2e-12	2e-12	2e-12	2e-12	2e-12	2e-12
*11/*29	2e-12	2e-12	2e-12	2e-12	2e-12	2e-12	2e-12	2e-12	2e-12
*11/*3	2e-12	2e-12	2e-12	2e-12	2e-12	2e-12	2e-12	2e-12	2e-12
*11/*30	2e-12	2e-12	2e-12	2e-12	2e-12	2e-12	2e-12	2e-12	2e-12
*11/*31	2e-12	2e-12	2e-12	2e-12	2e-12	2e-12	2e-12	2e-12	2e-12
*11/*32	2e-12	2e-12	2e-12	2e-12	2e-12	2e-12	2e-12	2e-12	2e-12
*11/*33	2e-12	2e-12	2e-12	2e-12	2e-12	2e-12	2e-12	2e-12	2e-12
*11/*34	2e-12	2e-12	2e-12	2e-12	2e-12	2e-12	2e-12	2e-12	2e-12
*11/*36	2e-12	2e-12	2e-12	2e-12	2e-12	2e-12	2e-12	2e-12	2e-12
*11/*37	1.5199999999999998e-06	7.799999999999999e-07	9.203999999999999e-07	1.2294e-06	5.054e-07	2e-12	6.2e-07	1.32e-06	1.6015999999999998e-06
*11/*38	2e-12	2e-12	2e-12	2e-12	2e-12	2e-12	2e-12	2e-12	2e-12
*11/*39	2e-12	2e-12	2e-12	2e-12	2e-12	2e-12	2e-12	2e-12	2e-12
*11/*4	2e-12	2e-12	2e-12	2e-12	2e-12	2e-12	2e-12	2e-12	2e-12
*11/*40	2e-12	2e-12	2e-12	2e-12	2e-12	2e-12	2e-12	2e-12	2e-12
*11/*41	2e-12	2e-12	2e-12	2e-12	2e-10	2e-12	2e-12	2e-12	2e-12
*11/*42	2e-12	2e-12	2e-12	2e-12	2e-12	2e-12	2e-12	2e-12	2e-12
*11/*43	2e-12	2e-12	2e-12	2e-12	2e-12	2e-12	2e-12	2e-12	2e-12
*11/*44	2e-12	2e-12	2e-12	2e-12	2e-12	2e-12	2e-12	2e-12	2e-12
*11/*45	2e-12	2e-12	2e-12	2e-12	2e-12	2e-12	2e-12	2e-12	2e-12
*11/*46	2e-12	2e-12	2e-12	2e-12	2e-12	2e-12	2e-12	2e-12	2e-12
*11/*47	2e-12	2e-12	2e-12	2e-12	2e-12	2e-12	2e-12	2e-12	2e-12
*11/*48	2e-12	2e-12	2e-12	2e-12	2e-12	2e-12	2e-12	2e-12	2e-12
*11/*49	2e-12	2e-12	2e-12	2e-12	2e-12	2e-12	2e-12	2e-12	2e-12
*11/*5	2e-12	2e-12	9e-09	2e-09	4.08e-08	2e-12	1e-07	2e-12	2e-12
*11/*6	2e-12	2e-12	2e-12	2e-12	2e-12	2e-12	2e-12	2e-12	2e-12
*11/*7	2e-12	2e-12	2e-12	2e-12	2e-12	2e-12	2e-12	2e-12	2e-12
*11/*8	2e-12	2e-12	2e-12	2e-12	2e-12	2e-12	2e-12	2e-12	2e-12
*11/*9	2e-12	2e-12	2e-12	2e-12	2e-12	2e-12	2e-12	2e-12	2e-12
*12/*12	1e-12	1e-12	1e-12	1e-12	1e-12	1e-12	1e-12	1e-12	1e-12
*12/*13	2e-12	2e-12	2e-12	2e-12	2e-12	2e-12	2e-12	2e-12	2e-12
*12/*14	2e-12	2e-12	2e-12	2e-12	2.712e-07	2e-12	2e-12	2e-12	2e-12
*12/*15	2e-08	4.8e-07	1.3039999999999998e-07	2.4899999999999997e-07	3.0039999999999996e-07	2e-12	3e-07	2e-12	5.58e-08
*12/*16	2e-12	2e-12	2e-12	9e-09	1.1999999999999998e-09	2e-12	2e-12	2e-12	2e-12
*12/*19	2e-12	2e-12	2e-12	2e-12	2e-12	2e-12	2e-12	2e-12	2e-12
*12/*2	2e-12	2e-12	2e-12	2e-12	2e-12	2e-12	2e-12	2e-12	2e-12
*12/*20	2e-12	2e-12	2e-12	2e-12	7.480000000000001e-08	2e-12	2e-12	2e-12	2e-12
*12/*23	2e-12	2e-12	2e-10	2e-12	2e-10	2e-12	2e-12	2e-12	2e-12
*12/*24	2e-12	2e-12	2e-12	2e-12	2e-12	2e-12	2e-12	2e-12	2e-12
*12/*25	2e-12	2e-12	2e-12	2e-12	2e-12	2e-12	2e-12	2e-12	2e-12
*12/*26	2e-12	2e-12	5.999999999999999e-10	2e-12	4e-10	2e-12	2e-12	2e-12	2e-12
*12/*27	2e-12	2e-12	2e-12	2e-12	2e-12	2e-12	2e-12	2e-12	2e-12
*12/*28	2e-12	2e-12	2e-12	2e-12	2e-12	2e-12	2e-12	2e-12	2e-12
*12/*29	2e-12	2e-12	2e-12	2e-12	2e-12	2e-12	2e-12	2e-12	2e-12
*12/*3	2e-12	2e-12	2e-12	2e-12	2e-12	2e-12	2e-12	2e-12	2e-12
*12/*30	2e-12	2e-12	2e-12	2e-12	2e-12	2e-12	2e-12	2e-12	2e-12
*12/*31	2e-12	2e-12	2e-12	2e-12	2e-12	2e-12	2e-12	2e-12	2e-12
*12/*32	2e-12	2e-12	2e-12	2e-12	2e-12	2e-12	2e-12	2e-12	2e-12
*12/*33	2e-12	2e-12	2e-12	2e-12	2e-12	2e-12	2e-12	2e-12	2e-12
*12/*34	2e-12	2e-12	2e-12	2e-12	2e-12	2e-12	2e-12	2e-12	2e-12
*12/*36	2e-12	2e-12	2e-12	2e-12	2e-12	2e-12	2e-12	2e-12	2e-12
*12/*37	1.5199999999999998e-06	7.799999999999999e-07	9.203999999999999e-07	1.2294e-06	5.054e-07	2e-12	6.2e-07	1.32e-06	1.6015999999999998e-06
*12/*38	2e-12	2e-12	2e-12	2e-12	2e-12	2e-12	2e-12	2e-12	2e-12
*12/*39	2e-12	2e-12	2e-12	2e-12	2e-12	2e-12	2e-12	2e-12	2e-12
*12/*4	2e-12	2e-12	2e-12	2e-12	2e-12	2e-12	2e-12	2e-12	2e-12
*12/*40	2e-12	2e-12	2e-12	2e-12	2e-12	2e-12	2e-12	2e-12	2e-12
*12/*41	2e-12	2e-12	2e-12	2e-12	2e-10	2e-12	2e-12	2e-12	2e-12
*12/*42	2e-12	2e-12	2e-12	2e-12	2e-12	2e-12	2e-12	2e-12	2e-12
*12/*43	2e-12	2e-12	2e-12	2e-12	2e-12	2e-12	2e-12	2e-12	2e-12
*12/*44	2e-12	2e-12	2e-12	2e-12	2e-12	2e-12	2e-12	2e-12	2e-12
*12/*45	2e-12	2e-12	2e-12	2e-12	2e-12	2e-12	2e-12	2e-12	2e-12
*12/*46	2e-12	2e-12	2e-12	2e-12	2e-12	2e-12	2e-12	2e-12	2e-12
*12/*47	2e-12	2e-12	2e-12	2e-12	2e-12	2e-12	2e-12	2e-12	2e-12
*12/*48	2e-12	2e-12	2e-12	2e-12	2e-12	2e-12	2e-12	2e-12	2e-12
*12/*49	2e-12	2e-12	2e-12	2e-12	2e-12	2e-12	2e-12	2e-12	2e-12
*12/*5	2e-12	2e-12	9e-09	2e-09	4.08e-08	2e-12	1e-07	2e-12	2e-12
*12/*6	2e-12	2e-12	2e-12	2e-12	2e-12	2e-12	2e-12	2e-12	2e-12
*12/*7	2e-12	2e-12	2e-12	2e-12	2e-12	2e-12	2e-12	2e-12	2e-12
*12/*8	2e-12	2e-12	2e-12	2e-12	2e-12	2e-12	2e-12	2e-12	2e-12
*12/*9	2e-12	2e-12	2e-12	2e-12	2e-12	2e-12	2e-12	2e-12	2e-12
*13/*13	1e-12	1e-12	1e-12	1e-12	1e-12	1e-12	1e-12	1e-12	1e-12
*13/*14	2e-12	2e-12	2e-12	2e-12	2.712e-07	2e-12	2e-12	2e-12	2e-12
*13/*15	2e-08	4.8e-07	1.3039999999999998e-07	2.4899999999999997e-07	3.0039999999999996e-07	2e-12	3e-07	2e-12	5.58e-08
*13/*16	2e-12	2e-12	2e-12	9e-09	1.1999999999999998e-09	2e-12	2e-12	2e-12	2e-12
*13/*19	2e-12	2e-12	2e-12	2e-12	2e-12	2e-12	2e-12	2e-12	2e-12
*13/*2	2e-12	2e-12	2e-12	2e-12	2e-12	2e-12	2e-12	2e-12	2e-12
*13/*20	2e-12	2e-12	2e-12	2e-12	7.480000000000001e-08	2e-12	2e-12	2e-12	2e-12
*13/*23	2e-12	2e-12	2e-10	2e-12	2e-10	2e-12	2e-12	2e-12	2e-12
*13/*24	2e-12	2e-12	2e-12	2e-12	2e-12	2e-12	2e-12	2e-12	2e-12
*13/*25	2e-12	2e-12	2e-12	2e-12	2e-12	2e-12	2e-12	2e-12	2e-12
*13/*26	2e-12	2e-12	5.999999999999999e-10	2e-12	4e-10	2e-12	2e-12	2e-12	2e-12
*13/*27	2e-12	2e-12	2e-12	2e-12	2e-12	2e-12	2e-12	2e-12	2e-12
*13/*28	2e-12	2e-12	2e-12	2e-12	2e-12	2e-12	2e-12	2e-12	2e-12
*13/*29	2e-12	2e-12	2e-12	2e-12	2e-12	2e-12	2e-12	2e-12	2e-12
*13/*3	2e-12	2e-12	2e-12	2e-12	2e-12	2e-12	2e-12	2e-12	2e-12
*13/*30	2e-12	2e-12	2e-12	2e-12	2e-12	2e-12	2e-12	2e-12	2e-12
*13/*31	2e-12	2e-12	2e-12	2e-12	2e-12	2e-12	2e-12	2e-12	2e-12
*13/*32	2e-12	2e-12	2e-12	2e-12	2e-12	2e-12	2e-12	2e-12	2e-12
*13/*33	2e-12	2e-12	2e-12	2e-12	2e-12	2e-12	2e-12	2e-12	2e-12
*13/*34	2e-12	2e-12	2e-12	2e-12	2e-12	2e-12	2e-12	2e-12	2e-12
*13/*36	2e-12	2e-12	2e-12	2e-12	2e-12	2e-12	2e-12	2e-12	2e-12
*13/*37	1.5199999999999998e-06	7.799999999999999e-07	9.203999999999999e-07	1.2294e-06	5.054e-07	2e-12	6.2e-07	1.32e-06	1.6015999999999998e-06
*13/*38	2e-12	2e-12	2e-12	2e-12	2e-12	2e-12	2e-12	2e-12	2e-12
*13/*39	2e-12	2e-12	2e-12	2e-12	2e-12	2e-12	2e-12	2e-12	2e-12
*13/*4	2e-12	2e-12	2e-12	2e-12	2e-12	2e-12	2e-12	2e-12	2e-12
*13/*40	2e-12	2e-12	2e-12	2e-12	2e-12	2e-12	2e-12	2e-12	2e-12
*13/*41	2e-12	2e-12	2e-12	2e-12	2e-10	2e-12	2e-12	2e-12	2e-12
*13/*42	2e-12	2e-12	2e-12	2e-12	2e-12	2e-12	2e-12	2e-12	2e-12
*13/*43	2e-12	2e-12	2e-12	2e-12	2e-12	2e-12	2e-12	2e-12	2e-12
*13/*44	2e-12	2e-12	2e-12	2e-12	2e-12	2e-12	2e-12	2e-12	2e-12
*13/*45	2e-12	2e-12	2e-12	2e-12	2e-12	2e-12	2e-12	2e-12	2e-12
*13/*46	2e-12	2e-12	2e-12	2e-12	2e-12	2e-12	2e-12	2e-12	2e-12
*13/*47	2e-12	2e-12	2e-12	2e-12	2e-12	2e-12	2e-12	2e-12	2e-12
*13/*48	2e-12	2e-12	2e-12	2e-12	2e-12	2e-12	2e-12	2e-12	2e-12
*13/*49	2e-12	2e-12	2e-12	2e-12	2e-12	2e-12	2e-12	2e-12	2e-12
*13/*5	2e-12	2e-12	9e-09	2e-09	4.08e-08	2e-12	1e-07	2e-12	2e-12
*13/*6	2e-12	2e-12	2e-12	2e-12	2e-12	2e-12	2e-12	2e-12	2e-12
*13/*7	2e-12	2e-12	2e-12	2e-12	2e-12	2e-12	2e-12	2e-12	2e-12
*13/*8	2e-12	2e-12	2e-12	2e-12	2e-12	2e-12	2e-12	2e-12	2e-12
*13/*9	2e-12	2e-12	2e-12	2e-12	2e-12	2e-12	2e-12	2e-12	2e-12
*14/*14	1e-12	1e-12	1e-12	1e-12	0.01838736	1e-12	1e-12	1e-12	1e-12
*14/*15	2e-08	4.8e-07	1.3039999999999998e-07	2.4899999999999997e-07	0.04073424	2e-12	3e-07	2e-12	5.58e-08
*14/*16	2e-12	2e-12	2e-12	9e-09	0.00016272	2e-12	2e-12	2e-12	2e-12
*14/*19	2e-12	2e-12	2e-12	2e-12	2.712e-07	2e-12	2e-12	2e-12	2e-12
*14/*2	2e-12	2e-12	2e-12	2e-12	2.712e-07	2e-12	2e-12	2e-12	2e-12
*14/*20	2e-12	2e-12	2e-12	2e-12	0.01014288	2e-12	2e-12	2e-12	2e-12
*14/*23	2e-12	2e-12	2e-10	2e-12	2.712e-05	2e-12	2e-12	2e-12	2e-12
*14/*24	2e-12	2e-12	2e-12	2e-12	2.712e-07	2e-12	2e-12	2e-12	2e-12
*14/*25	2e-12	2e-12	2e-12	2e-12	2.712e-07	2e-12	2e-12	2e-12	2e-12
*14/*26	2e-12	2e-12	5.999999999999999e-10	2e-12	5.424e-05	2e-12	2e-12	2e-12	2e-12
*14/*27	2e-12	2e-12	2e-12	2e-12	2.712e-07	2e-12	2e-12	2e-12	2e-12
*14/*28	2e-12	2e-12	2e-12	2e-12	2.712e-07	2e-12	2e-12	2e-12	2e-12
*14/*29	2e-12	2e-12	2e-12	2e-12	2.712e-07	2e-12	2e-12	2e-12	2e-12
*14/*3	2e-12	2e-12	2e-12	2e-12	2.712e-07	2e-12	2e-12	2e-12	2e-12
*14/*30	2e-12	2e-12	2e-12	2e-12	2.712e-07	2e-12	2e-12	2e-12	2e-12
*14/*31	2e-12	2e-12	2e-12	2e-12	2.712e-07	2e-12	2e-12	2e-12	2e-12
*14/*32	2e-12	2e-12	2e-12	2e-12	2.712e-07	2e-12	2e-12	2e-12	2e-12
*14/*33	2e-12	2e-12	2e-12	2e-12	2.712e-07	2e-12	2e-12	2e-12	2e-12
*14/*34	2e-12	2e-12	2e-12	2e-12	2.712e-07	2e-12	2e-12	2e-12	2e-12
*14/*36	2e-12	2e-12	2e-12	2e-12	2.712e-07	2e-12	2e-12	2e-12	2e-12
*14/*37	1.5199999999999998e-06	7.799999999999999e-07	9.203999999999999e-07	1.2294e-06	0.06853224	2e-12	6.2e-07	1.32e-06	1.6015999999999998e-06
*14/*38	2e-12	2e-12	2e-12	2e-12	2.712e-07	2e-12	2e-12	2e-12	2e-12
*14/*39	2e-12	2e-12	2e-12	2e-12	2.712e-07	2e-12	2e-12	2e-12	2e-12
*14/*4	2e-12	2e-12	2e-12	2e-12	2.712e-07	2e-12	2e-12	2e-12	2e-12
*14/*40	2e-12	2e-12	2e-12	2e-12	2.712e-07	2e-12	2e-12	2e-12	2e-12
*14/*41	2e-12	2e-12	2e-12	2e-12	2.712e-05	2e-12	2e-12	2e-12	2e-12
*14/*42	2e-12	2e-12	2e-12	2e-12	2.712e-07	2e-12	2e-12	2e-12	2e-12
*14/*43	2e-12	2e-12	2e-12	2e-12	2.712e-07	2e-12	2e-12	2e-12	2e-12
*14/*44	2e-12	2e-12	2e-12	2e-12	2.712e-07	2e-12	2e-12	2e-12	2e-12
*14/*45	2e-12	2e-12	2e-12	2e-12	2.712e-07	2e-12	2e-12	2e-12	2e-12
*14/*46	2e-12	2e-12	2e-12	2e-12	2.712e-07	2e-12	2e-12	2e-12	2e-12
*14/*47	2e-12	2e-12	2e-12	2e-12	2.712e-07	2e-12	2e-12	2e-12	2e-12
*14/*48	2e-12	2e-12	2e-12	2e-12	2.712e-07	2e-12	2e-12	2e-12	2e-12
*14/*49	2e-12	2e-12	2e-12	2e-12	2.712e-07	2e-12	2e-12	2e-12	2e-12
*14/*5	2e-12	2e-12	9e-09	2e-09	0.00553248	2e-12	1e-07	2e-12	2e-12
*14/*6	2e-12	2e-12	2e-12	2e-12	2.712e-07	2e-12	2e-12	2e-12	2e-12
*14/*7	2e-12	2e-12	2e-12	2e-12	2.712e-07	2e-12	2e-12	2e-12	2e-12
*14/*8	2e-12	2e-12	2e-12	2e-12	2.712e-07	2e-12	2e-12	2e-12	2e-12
*14/*9	2e-12	2e-12	2e-12	2e-12	2.712e-07	2e-12	2e-12	2e-12	2e-12
*15/*15	0.0001	0.0576	0.004251039999999999	0.01550025	0.02256004	1e-12	0.0225	1e-12	0.0007784100000000001
*15/*16	2e-08	4.8e-07	1.3039999999999998e-07	0.0011205	0.00018024	2e-12	3e-07	2e-12	5.58e-08
*15/*19	2e-08	4.8e-07	1.3039999999999998e-07	2.4899999999999997e-07	3.0039999999999996e-07	2e-12	3e-07	2e-12	5.58e-08
*15/*2	2e-08	4.8e-07	1.3039999999999998e-07	2.4899999999999997e-07	3.0039999999999996e-07	2e-12	3e-07	2e-12	5.58e-08
*15/*20	2e-08	4.8e-07	1.3039999999999998e-07	2.4899999999999997e-07	0.01123496	2e-12	3e-07	2e-12	5.58e-08
*15/*23	2e-08	4.8e-07	1.3039999999999999e-05	2.4899999999999997e-07	3.004e-05	2e-12	3e-07	2e-12	5.58e-08
*15/*24	2e-08	4.8e-07	1.3039999999999998e-07	2.4899999999999997e-07	3.0039999999999996e-07	2e-12	3e-07	2e-12	5.58e-08
*15/*25	2e-08	4.8e-07	1.3039999999999998e-07	2.4899999999999997e-07	3.0039999999999996e-07	2e-12	3e-07	2e-12	5.58e-08
*15/*26	2e-08	4.8e-07	3.911999999999999e-05	2.4899999999999997e-07	6.008e-05	2e-12	3e-07	2e-12	5.58e-08
*15/*27	2e-08	4.8e-07	1.3039999999999998e-07	2.4899999999999997e-07	3.0039999999999996e-07	2e-12	3e-07	2e-12	5.58e-08
*15/*28	2e-08	4.8e-07	1.3039999999999998e-07	2.4899999999999997e-07	3.0039999999999996e-07	2e-12	3e-07	2e-12	5.58e-08
*15/*29	2e-08	4.8e-07	1.3039999999999998e-07	2.4899999999999997e-07	3.0039999999999996e-07	2e-12	3e-07	2e-12	5.58e-08
*15/*3	2e-08	4.8e-07	1.3039999999999998e-07	2.4899999999999997e-07	3.0039999999999996e-07	2e-12	3e-07	2e-12	5.58e-08
*15/*30	2e-08	4.8e-07	1.3039999999999998e-07	2.4899999999999997e-07	3.0039999999999996e-07	2e-12	3e-07	2e-12	5.58e-08
*15/*31	2e-08	4.8e-07	1.3039999999999998e-07	2.4899999999999997e-07	3.0039999999999996e-07	2e-12	3e-07	2e-12	5.58e-08
*15/*32	2e-08	4.8e-07	1.3039999999999998e-07	2.4899999999999997e-07	3.0039999999999996e-07	2e-12	3e-07	2e-12	5.58e-08
*15/*33	2e-08	4.8e-07	1.3039999999999998e-07	2.4899999999999997e-07	3.0039999999999996e-07	2e-12	3e-07	2e-12	5.58e-08
*15/*34	2e-08	4.8e-07	1.3039999999999998e-07	2.4899999999999997e-07	3.0039999999999996e-07	2e-12	3e-07	2e-12	5.58e-08
*15/*36	2e-08	4.8e-07	1.3039999999999998e-07	2.4899999999999997e-07	3.0039999999999996e-07	2e-12	3e-07	2e-12	5.58e-08
*15/*37	0.0152	0.1872	0.06001007999999999	0.1530603	0.07591107999999999	2e-12	0.093	1.32e-06	0.04468464
*15/*38	2e-08	4.8e-07	1.3039999999999998e-07	2.4899999999999997e-07	3.0039999999999996e-07	2e-12	3e-07	2e-12	5.58e-08
*15/*39	2e-08	4.8e-07	1.3039999999999998e-07	2.4899999999999997e-07	3.0039999999999996e-07	2e-12	3e-07	2e-12	5.58e-08
*15/*4	2e-08	4.8e-07	1.3039999999999998e-07	2.4899999999999997e-07	3.0039999999999996e-07	2e-12	3e-07	2e-12	5.58e-08
*15/*40	2e-08	4.8e-07	1.3039999999999998e-07	2.4899999999999997e-07	3.0039999999999996e-07	2e-12	3e-07	2e-12	5.58e-08
*15/*41	2e-08	4.8e-07	1.3039999999999998e-07	2.4899999999999997e-07	3.004e-05	2e-12	3e-07	2e-12	5.58e-08
*15/*42	2e-08	4.8e-07	1.3039999999999998e-07	2.4899999999999997e-07	3.0039999999999996e-07	2e-12	3e-07	2e-12	5.58e-08
*15/*43	2e-08	4.8e-07	1.3039999999999998e-07	2.4899999999999997e-07	3.0039999999999996e-07	2e-12	3e-07	2e-12	5.58e-08
*15/*44	2e-08	4.8e-07	1.3039999999999998e-07	2.4899999999999997e-07	3.0039999999999996e-07	2e-12	3e-07	2e-12	5.58e-08
*15/*45	2e-08	4.8e-07	1.3039999999999998e-07	2.4899999999999997e-07	3.0039999999999996e-07	2e-12	3e-07	2e-12	5.58e-08
*15/*46	2e-08	4.8e-07	1.3039999999999998e-07	2.4899999999999997e-07	3.0039999999999996e-07	2e-12	3e-07	2e-12	5.58e-08
*15/*47	2e-08	4.8e-07	1.3039999999999998e-07	2.4899999999999997e-07	3.0039999999999996e-07	2e-12	3e-07	2e-12	5.58e-08
*15/*48	2e-08	4.8e-07	1.3039999999999998e-07	2.4899999999999997e-07	3.0039999999999996e-07	2e-12	3e-07	2e-12	5.58e-08
*15/*49	2e-08	4.8e-07	1.3039999999999998e-07	2.4899999999999997e-07	3.0039999999999996e-07	2e-12	3e-07	2e-12	5.58e-08
*15/*5	2e-08	4.8e-07	0.0005868	0.000249	0.0061281600000000006	2e-12	0.015	2e-12	5.58e-08
*15/*6	2e-08	4.8e-07	1.3039999999999998e-07	2.4899999999999997e-07	3.0039999999999996e-07	2e-12	3e-07	2e-12	5.58e-08
*15/*7	2e-08	4.8e-07	1.3039999999999998e-07	2.4899999999999997e-07	3.0039999999999996e-07	2e-12	3e-07	2e-12	5.58e-08
*15/*8	2e-08	4.8e-07	1.3039999999999998e-07	2.4899999999999997e-07	3.0039999999999996e-07	2e-12	3e-07	2e-12	5.58e-08
*15/*9	2e-08	4.8e-07	1.3039999999999998e-07	2.4899999999999997e-07	3.0039999999999996e-07	2e-12	3e-07	2e-12	5.58e-08
*16/*16	1e-12	1e-12	1e-12	2.0249999999999998e-05	3.5999999999999994e-07	1e-12	1e-12	1e-12	1e-12
*16/*19	2e-12	2e-12	2e-12	9e-09	1.1999999999999998e-09	2e-12	2e-12	2e-12	2e-12
*16/*2	2e-12	2e-12	2e-12	9e-09	1.1999999999999998e-09	2e-12	2e-12	2e-12	2e-12
*16/*20	2e-12	2e-12	2e-12	9e-09	4.488e-05	2e-12	2e-12	2e-12	2e-12
*16/*23	2e-12	2e-12	2e-10	9e-09	1.2e-07	2e-12	2e-12	2e-12	2e-12
*16/*24	2e-12	2e-12	2e-12	9e-09	1.1999999999999998e-09	2e-12	2e-12	2e-12	2e-12
*16/*25	2e-12	2e-12	2e-12	9e-09	1.1999999999999998e-09	2e-12	2e-12	2e-12	2e-12
*16/*26	2e-12	2e-12	5.999999999999999e-10	9e-09	2.4e-07	2e-12	2e-12	2e-12	2e-12
*16/*27	2e-12	2e-12	2e-12	9e-09	1.1999999999999998e-09	2e-12	2e-12	2e-12	2e-12
*16/*28	2e-12	2e-12	2e-12	9e-09	1.1999999999999998e-09	2e-12	2e-12	2e-12	2e-12
*16/*29	2e-12	2e-12	2e-12	9e-09	1.1999999999999998e-09	2e-12	2e-12	2e-12	2e-12
*16/*3	2e-12	2e-12	2e-12	9e-09	1.1999999999999998e-09	2e-12	2e-12	2e-12	2e-12
*16/*30	2e-12	2e-12	2e-12	9e-09	1.1999999999999998e-09	2e-12	2e-12	2e-12	2e-12
*16/*31	2e-12	2e-12	2e-12	9e-09	1.1999999999999998e-09	2e-12	2e-12	2e-12	2e-12
*16/*32	2e-12	2e-12	2e-12	9e-09	1.1999999999999998e-09	2e-12	2e-12	2e-12	2e-12
*16/*33	2e-12	2e-12	2e-12	9e-09	1.1999999999999998e-09	2e-12	2e-12	2e-12	2e-12
*16/*34	2e-12	2e-12	2e-12	9e-09	1.1999999999999998e-09	2e-12	2e-12	2e-12	2e-12
*16/*36	2e-12	2e-12	2e-12	9e-09	1.1999999999999998e-09	2e-12	2e-12	2e-12	2e-12
*16/*37	1.5199999999999998e-06	7.799999999999999e-07	9.203999999999999e-07	0.0055322999999999995	0.00030324	2e-12	6.2e-07	1.32e-06	1.6015999999999998e-06
*16/*38	2e-12	2e-12	2e-12	9e-09	1.1999999999999998e-09	2e-12	2e-12	2e-12	2e-12
*16/*39	2e-12	2e-12	2e-12	9e-09	1.1999999999999998e-09	2e-12	2e-12	2e-12	2e-12
*16/*4	2e-12	2e-12	2e-12	9e-09	1.1999999999999998e-09	2e-12	2e-12	2e-12	2e-12
*16/*40	2e-12	2e-12	2e-12	9e-09	1.1999999999999998e-09	2e-12	2e-12	2e-12	2e-12
*16/*41	2e-12	2e-12	2e-12	9e-09	1.2e-07	2e-12	2e-12	2e-12	2e-12
*16/*42	2e-12	2e-12	2e-12	9e-09	1.1999999999999998e-09	2e-12	2e-12	2e-12	2e-12
*16/*43	2e-12	2e-12	2e-12	9e-09	1.1999999999999998e-09	2e-12	2e-12	2e-12	2e-12
*16/*44	2e-12	2e-12	2e-12	9e-09	1.1999999999999998e-09	2e-12	2e-12	2e-12	2e-12
*16/*45	2e-12	2e-12	2e-12	9e-09	1.1999999999999998e-09	2e-12	2e-12	2e-12	2e-12
*16/*46	2e-12	2e-12	2e-12	9e-09	1.1999999999999998e-09	2e-12	2e-12	2e-12	2e-12
*16/*47	2e-12	2e-12	2e-12	9e-09	1.1999999999999998e-09	2e-12	2e-12	2e-12	2e-12
*16/*48	2e-12	2e-12	2e-12	9e-09	1.1999999999999998e-09	2e-12	2e-12	2e-12	2e-12
*16/*49	2e-12	2e-12	2e-12	9e-09	1.1999999999999998e-09	2e-12	2e-12	2e-12	2e-12
*16/*5	2e-12	2e-12	9e-09	9e-06	2.448e-05	2e-12	1e-07	2e-12	2e-12
*16/*6	2e-12	2e-12	2e-12	9e-09	1.1999999999999998e-09	2e-12	2e-12	2e-12	2e-12
*16/*7	2e-12	2e-12	2e-12	9e-09	1.1999999999999998e-09	2e-12	2e-12	2e-12	2e-12
*16/*8	2e-12	2e-12	2e-12	9e-09	1.1999999999999998e-09	2e-12	2e-12	2e-12	2e-12
*16/*9	2e-12	2e-12	2e-12	9e-09	1.1999999999999998e-09	2e-12	2e-12	2e-12	2e-12
*19/*19	1e-12	1e-12	1e-12	1e-12	1e-12	1e-12	1e-12	1e-12	1e-12
*19/*2	2e-12	2e-12	2e-12	2e-12	2e-12	2e-12	2e-12	2e-12	2e-12
*19/*20	2e-12	2e-12	2e-12	2e-12	7.480000000000001e-08	2e-12	2e-12	2e-12	2e-12
*19/*23	2e-12	2e-12	2e-10	2e-12	2e-10	2e-12	2e-12	2e-12	2e-12
*19/*24	2e-12	2e-12	2e-12	2e-12	2e-12	2e-12	2e-12	2e-12	2e-12
*19/*25	2e-12	2e-12	2e-12	2e-12	2e-12	2e-12	2e-12	2e-12	2e-12
*19/*26	2e-12	2e-12	5.999999999999999e-10	2e-12	4e-10	2e-12	2e-12	2e-12	2e-12
*19/*27	2e-12	2e-12	2e-12	2e-12	2e-12	2e-12	2e-12	2e-12	2e-12
*19/*28	2e-12	2e-12	2e-12	2e-12	2e-12	2e-12	2e-12	2e-12	2e-12
*19/*29	2e-12	2e-12	2e-12	2e-12	2e-12	2e-12	2e-12	2e-12	2e-12
*19/*3	2e-12	2e-12	2e-12	2e-12	2e-12	2e-12	2e-12	2e-12	2e-12
*19/*30	2e-12	2e-12	2e-12	2e-12	2e-12	2e-12	2e-12	2e-12	2e-12
*19/*31	2e-12	2e-12	2e-12	2e-12	2e-12	2e-12	2e-12	2e-12	2e-12
*19/*32	2e-12	2e-12	2e-12	2e-12	2e-12	2e-12	2e-12	2e-12	2e-12
*19/*33	2e-12	2e-12	2e-12	2e-12	2e-12	2e-12	2e-12	2e-12	2e-12
*19/*34	2e-12	2e-12	2e-12	2e-12	2e-12	2e-12	2e-12	2e-12	2e-12
*19/*36	2e-12	2e-12	2e-12	2e-12	2e-12	2e-12	2e-12	2e-12	2e-12
*19/*37	1.5199999999999998e-06	7.799999999999999e-07	9.203999999999999e-07	1.2294e-06	5.054e-07	2e-12	6.2e-07	1.32e-06	1.6015999999999998e-06
*19/*38	2e-12	2e-12	2e-12	2e-12	2e-12	2e-12	2e-12	2e-12	2e-12
*19/*39	2e-12	2e-12	2e-12	2e-12	2e-12	2e-12	2e-12	2e-12	2e-12
*19/*4	2e-12	2e-12	2e-12	2e-12	2e-12	2e-12	2e-12	2e-12	2e-12
*19/*40	2e-12	2e-12	2e-12	2e-12	2e-12	2e-12	2e-12	2e-12	2e-12
*19/*41	2e-12	2e-12	2e-12	2e-12	2e-10	2e-12	2e-12	2e-12	2e-12
*19/*42	2e-12	2e-12	2e-12	2e-12	2e-12	2e-12	2e-12	2e-12	2e-12
*19/*43	2e-12	2e-12	2e-12	2e-12	2e-12	2e-12	2e-12	2e-12	2e-12
*19/*44	2e-12	2e-12	2e-12	2e-12	2e-12	2e-12	2e-12	2e-12	2e-12
*19/*45	2e-12	2e-12	2e-12	2e-12	2e-12	2e-12	2e-12	2e-12	2e-12
*19/*46	2e-12	2e-12	2e-12	2e-12	2e-12	2e-12	2e-12	2e-12	2e-12
*19/*47	2e-12	2e-12	2e-12	2e-12	2e-12	2e-12	2e-12	2e-12	2e-12
*19/*48	2e-12	2e-12	2e-12	2e-12	2e-12	2e-12	2e-12	2e-12	2e-12
*19/*49	2e-12	2e-12	2e-12	2e-12	2e-12	2e-12	2e-12	2e-12	2e-12
*19/*5	2e-12	2e-12	9e-09	2e-09	4.08e-08	2e-12	1e-07	2e-12	2e-12
*19/*6	2e-12	2e-12	2e-12	2e-12	2e-12	2e-12	2e-12	2e-12	2e-12
*19/*7	2e-12	2e-12	2e-12	2e-12	2e-12	2e-12	2e-12	2e-12	2e-12
*19/*8	2e-12	2e-12	2e-12	2e-12	2e-12	2e-12	2e-12	2e-12	2e-12
*19/*9	2e-12	2e-12	2e-12	2e-12	2e-12	2e-12	2e-12	2e-12	2e-12
*2/*2	1e-12	1e-12	1e-12	1e-12	1e-12	1e-12	1e-12	1e-12	1e-12
*2/*20	2e-12	2e-12	2e-12	2e-12	7.480000000000001e-08	2e-12	2e-12	2e-12	2e-12
*2/*23	2e-12	2e-12	2e-10	2e-12	2e-10	2e-12	2e-12	2e-12	2e-12
*2/*24	2e-12	2e-12	2e-12	2e-12	2e-12	2e-12	2e-12	2e-12	2e-12
*2/*25	2e-12	2e-12	2e-12	2e-12	2e-12	2e-12	2e-12	2e-12	2e-12
*2/*26	2e-12	2e-12	5.999999999999999e-10	2e-12	4e-10	2e-12	2e-12	2e-12	2e-12
*2/*27	2e-12	2e-12	2e-12	2e-12	2e-12	2e-12	2e-12	2e-12	2e-12
*2/*28	2e-12	2e-12	2e-12	2e-12	2e-12	2e-12	2e-12	2e-12	2e-12
*2/*29	2e-12	2e-12	2e-12	2e-12	2e-12	2e-12	2e-12	2e-12	2e-12
*2/*3	2e-12	2e-12	2e-12	2e-12	2e-12	2e-12	2e-12	2e-12	2e-12
*2/*30	2e-12	2e-12	2e-12	2e-12	2e-12	2e-12	2e-12	2e-12	2e-12
*2/*31	2e-12	2e-12	2e-12	2e-12	2e-12	2e-12	2e-12	2e-12	2e-12
*2/*32	2e-12	2e-12	2e-12	2e-12	2e-12	2e-12	2e-12	2e-12	2e-12
*2/*33	2e-12	2e-12	2e-12	2e-12	2e-12	2e-12	2e-12	2e-12	2e-12
*2/*34	2e-12	2e-12	2e-12	2e-12	2e-12	2e-12	2e-12	2e-12	2e-12
*2/*36	2e-12	2e-12	2e-12	2e-12	2e-12	2e-12	2e-12	2e-12	2e-12
*2/*37	1.5199999999999998e-06	7.799999999999999e-07	9.203999999999999e-07	1.2294e-06	5.054e-07	2e-12	6.2e-07	1.32e-06	1.6015999999999998e-06
*2/*38	2e-12	2e-12	2e-12	2e-12	2e-12	2e-12	2e-12	2e-12	2e-12
*2/*39	2e-12	2e-12	2e-12	2e-12	2e-12	2e-12	2e-12	2e-12	2e-12
*2/*4	2e-12	2e-12	2e-12	2e-12	2e-12	2e-12	2e-12	2e-12	2e-12
*2/*40	2e-12	2e-12	2e-12	2e-12	2e-12	2e-12	2e-12	2e-12	2e-12
*2/*41	2e-12	2e-12	2e-12	2e-12	2e-10	2e-12	2e-12	2e-12	2e-12
*2/*42	2e-12	2e-12	2e-12	2e-12	2e-12	2e-12	2e-12	2e-12	2e-12
*2/*43	2e-12	2e-12	2e-12	2e-12	2e-12	2e-12	2e-12	2e-12	2e-12
*2/*44	2e-12	2e-12	2e-12	2e-12	2e-12	2e-12	2e-12	2e-12	2e-12
*2/*45	2e-12	2e-12	2e-12	2e-12	2e-12	2e-12	2e-12	2e-12	2e-12
*2/*46	2e-12	2e-12	2e-12	2e-12	2e-12	2e-12	2e-12	2e-12	2e-12
*2/*47	2e-12	2e-12	2e-12	2e-12	2e-12	2e-12	2e-12	2e-12	2e-12
*2/*48	2e-12	2e-12	2e-12	2e-12	2e-12	2e-12	2e-12	2e-12	2e-12
*2/*49	2e-12	2e-12	2e-12	2e-12	2e-12	2e-12	2e-12	2e-12	2e-12
*2/*5	2e-12	2e-12	9e-09	2e-09	4.08e-08	2e-12	1e-07	2e-12	2e-12
*2/*6	2e-12	2e-12	2e-12	2e-12	2e-12	2e-12	2e-12	2e-12	2e-12
*2/*7	2e-12	2e-12	2e-12	2e-12	2e-12	2e-12	2e-12	2e-12	2e-12
*2/*8	2e-12	2e-12	2e-12	2e-12	2e-12	2e-12	2e-12	2e-12	2e-12
*2/*9	2e-12	2e-12	2e-12	2e-12	2e-12	2e-12	2e-12	2e-12	2e-12
*20/*20	1e-12	1e-12	1e-12	1e-12	0.0013987600000000002	1e-12	1e-12	1e-12	1e-12
*20/*23	2e-12	2e-12	2e-10	2e-12	7.480000000000001e-06	2e-12	2e-12	2e-12	2e-12
*20/*24	2e-12	2e-12	2e-12	2e-12	7.480000000000001e-08	2e-12	2e-12	2e-12	2e-12
*20/*25	2e-12	2e-12	2e-12	2e-12	7.480000000000001e-08	2e-12	2e-12	2e-12	2e-12
*20/*26	2e-12	2e-12	5.999999999999999e-10	2e-12	1.4960000000000002e-05	2e-12	2e-12	2e-12	2e-12
*20/*27	2e-12	2e-12	2e-12	2e-12	7.480000000000001e-08	2e-12	2e-12	2e-12	2e-12
*20/*28	2e-12	2e-12	2e-12	2e-12	7.480000000000001e-08	2e-12	2e-12	2e-12	2e-12
*20/*29	2e-12	2e-12	2e-12	2e-12	7.480000000000001e-08	2e-12	2e-12	2e-12	2e-12
*20/*3	2e-12	2e-12	2e-12	2e-12	7.480000000000001e-08	2e-12	2e-12	2e-12	2e-12
*20/*30	2e-12	2e-12	2e-12	2e-12	7.480000000000001e-08	2e-12	2e-12	2e-12	2e-12
*20/*31	2e-12	2e-12	2e-12	2e-12	7.480000000000001e-08	2e-12	2e-12	2e-12	2e-12
*20/*32	2e-12	2e-12	2e-12	2e-12	7.480000000000001e-08	2e-12	2e-12	2e-12	2e-12
*20/*33	2e-12	2e-12	2e-12	2e-12	7.480000000000001e-08	2e-12	2e-12	2e-12	2e-12
*20/*34	2e-12	2e-12	2e-12	2e-12	7.480000000000001e-08	2e-12	2e-12	2e-12	2e-12
*20/*36	2e-12	2e-12	2e-12	2e-12	7.480000000000001e-08	2e-12	2e-12	2e-12	2e-12
*20/*37	1.5199999999999998e-06	7.799999999999999e-07	9.203999999999999e-07	1.2294e-06	0.01890196	2e-12	6.2e-07	1.32e-06	1.6015999999999998e-06
*20/*38	2e-12	2e-12	2e-12	2e-12	7.480000000000001e-08	2e-12	2e-12	2e-12	2e-12
*20/*39	2e-12	2e-12	2e-12	2e-12	7.480000000000001e-08	2e-12	2e-12	2e-12	2e-12
*20/*4	2e-12	2e-12	2e-12	2e-12	7.480000000000001e-08	2e-12	2e-12	2e-12	2e-12
*20/*40	2e-12	2e-12	2e-12	2e-12	7.480000000000001e-08	2e-12	2e-12	2e-12	2e-12
*20/*41	2e-12	2e-12	2e-12	2e-12	7.480000000000001e-06	2e-12	2e-12	2e-12	2e-12
*20/*42	2e-12	2e-12	2e-12	2e-12	7.480000000000001e-08	2e-12	2e-12	2e-12	2e-12
*20/*43	2e-12	2e-12	2e-12	2e-12	7.480000000000001e-08	2e-12	2e-12	2e-12	2e-12
*20/*44	2e-12	2e-12	2e-12	2e-12	7.480000000000001e-08	2e-12	2e-12	2e-12	2e-12
*20/*45	2e-12	2e-12	2e-12	2e-12	7.480000000000001e-08	2e-12	2e-12	2e-12	2e-12
*20/*46	2e-12	2e-12	2e-12	2e-12	7.480000000000001e-08	2e-12	2e-12	2e-12	2e-12
*20/*47	2e-12	2e-12	2e-12	2e-12	7.480000000000001e-08	2e-12	2e-12	2e-12	2e-12
*20/*48	2e-12	2e-12	2e-12	2e-12	7.480000000000001e-08	2e-12	2e-12	2e-12	2e-12
*20/*49	2e-12	2e-12	2e-12	2e-12	7.480000000000001e-08	2e-12	2e-12	2e-12	2e-12
*20/*5	2e-12	2e-12	9e-09	2e-09	0.0015259200000000003	2e-12	1e-07	2e-12	2e-12
*20/*6	2e-12	2e-12	2e-12	2e-12	7.480000000000001e-08	2e-12	2e-12	2e-12	2e-12
*20/*7	2e-12	2e-12	2e-12	2e-12	7.480000000000001e-08	2e-12	2e-12	2e-12	2e-12
*20/*8	2e-12	2e-12	2e-12	2e-12	7.480000000000001e-08	2e-12	2e-12	2e-12	2e-12
*20/*9	2e-12	2e-12	2e-12	2e-12	7.480000000000001e-08	2e-12	2e-12	2e-12	2e-12
*23/*23	1e-12	1e-12	1e-08	1e-12	1e-08	1e-12	1e-12	1e-12	1e-12
*23/*24	2e-12	2e-12	2e-10	2e-12	2e-10	2e-12	2e-12	2e-12	2e-12
*23/*25	2e-12	2e-12	2e-10	2e-12	2e-10	2e-12	2e-12	2e-12	2e-12
*23/*26	2e-12	2e-12	6e-08	2e-12	4e-08	2e-12	2e-12	2e-12	2e-12
*23/*27	2e-12	2e-12	2e-10	2e-12	2e-10	2e-12	2e-12	2e-12	2e-12
*23/*28	2e-12	2e-12	2e-10	2e-12	2e-10	2e-12	2e-12	2e-12	2e-12
*23/*29	2e-12	2e-12	2e-10	2e-12	2e-10	2e-12	2e-12	2e-12	2e-12
*23/*3	2e-12	2e-12	2e-10	2e-12	2e-10	2e-12	2e-12	2e-12	2e-12
*23/*30	2e-12	2e-12	2e-10	2e-12	2e-10	2e-12	2e-12	2e-12	2e-12
*23/*31	2e-12	2e-12	2e-10	2e-12	2e-10	2e-12	2e-12	2e-12	2e-12
*23/*32	2e-12	2e-12	2e-10	2e-12	2e-10	2e-12	2e-12	2e-12	2e-12
*23/*33	2e-12	2e-12	2e-10	2e-12	2e-10	2e-12	2e-12	2e-12	2e-12
*23/*34	2e-12	2e-12	2e-10	2e-12	2e-10	2e-12	2e-12	2e-12	2e-12
*23/*36	2e-12	2e-12	2e-10	2e-12	2e-10	2e-12	2e-12	2e-12	2e-12
*23/*37	1.5199999999999998e-06	7.799999999999999e-07	9.204e-05	1.2294e-06	5.054e-05	2e-12	6.2e-07	1.32e-06	1.6015999999999998e-06
*23/*38	2e-12	2e-12	2e-10	2e-12	2e-10	2e-12	2e-12	2e-12	2e-12
*23/*39	2e-12	2e-12	2e-10	2e-12	2e-10	2e-12	2e-12	2e-12	2e-12
*23/*4	2e-12	2e-12	2e-10	2e-12	2e-10	2e-12	2e-12	2e-12	2e-12
*23/*40	2e-12	2e-12	2e-10	2e-12	2e-10	2e-12	2e-12	2e-12	2e-12
*23/*41	2e-12	2e-12	2e-10	2e-12	2e-08	2e-12	2e-12	2e-12	2e-12
*23/*42	2e-12	2e-12	2e-10	2e-12	2e-10	2e-12	2e-12	2e-12	2e-12
*23/*43	2e-12	2e-12	2e-10	2e-12	2e-10	2e-12	2e-12	2e-12	2e-12
*23/*44	2e-12	2e-12	2e-10	2e-12	2e-10	2e-12	2e-12	2e-12	2e-12
*23/*45	2e-12	2e-12	2e-10	2e-12	2e-10	2e-12	2e-12	2e-12	2e-12
*23/*46	2e-12	2e-12	2e-10	2e-12	2e-10	2e-12	2e-12	2e-12	2e-12
*23/*47	2e-12	2e-12	2e-10	2e-12	2e-10	2e-12	2e-12	2e-12	2e-12
*23/*48	2e-12	2e-12	2e-10	2e-12	2e-10	2e-12	2e-12	2e-12	2e-12
*23/*49	2e-12	2e-12	2e-10	2e-12	2e-10	2e-12	2e-12	2e-12	2e-12
*23/*5	2e-12	2e-12	9e-07	2e-09	4.080000000000001e-06	2e-12	1e-07	2e-12	2e-12
*23/*6	2e-12	2e-12	2e-10	2e-12	2e-10	2e-12	2e-12	2e-12	2e-12
*23/*7	2e-12	2e-12	2e-10	2e-12	2e-10	2e-12	2e-12	2e-12	2e-12
*23/*8	2e-12	2e-12	2e-10	2e-12	2e-10	2e-12	2e-12	2e-12	2e-12
*23/*9	2e-12	2e-12	2e-10	2e-12	2e-10	2e-12	2e-12	2e-12	2e-12
*24/*24	1e-12	1e-12	1e-12	1e-12	1e-12	1e-12	1e-12	1e-12	1e-12
*24/*25	2e-12	2e-12	2e-12	2e-12	2e-12	2e-12	2e-12	2e-12	2e-12
*24/*26	2e-12	2e-12	5.999999999999999e-10	2e-12	4e-10	2e-12	2e-12	2e-12	2e-12
*24/*27	2e-12	2e-12	2e-12	2e-12	2e-12	2e-12	2e-12	2e-12	2e-12
*24/*28	2e-12	2e-12	2e-12	2e-12	2e-12	2e-12	2e-12	2e-12	2e-12
*24/*29	2e-12	2e-12	2e-12	2e-12	2e-12	2e-12	2e-12	2e-12	2e-12
*24/*3	2e-12	2e-12	2e-12	2e-12	2e-12	2e-12	2e-12	2e-12	2e-12
*24/*30	2e-12	2e-12	2e-12	2e-12	2e-12	2e-12	2e-12	2e-12	2e-12
*24/*31	2e-12	2e-12	2e-12	2e-12	2e-12	2e-12	2e-12	2e-12	2e-12
*24/*32	2e-12	2e-12	2e-12	2e-12	2e-12	2e-12	2e-12	2e-12	2e-12
*24/*33	2e-12	2e-12	2e-12	2e-12	2e-12	2e-12	2e-12	2e-12	2e-12
*24/*34	2e-12	2e-12	2e-12	2e-12	2e-12	2e-12	2e-12	2e-12	2e-12
*24/*36	2e-12	2e-12	2e-12	2e-12	2e-12	2e-12	2e-12	2e-12	2e-12
*24/*37	1.5199999999999998e-06	7.799999999999999e-07	9.203999999999999e-07	1.2294e-06	5.054e-07	2e-12	6.2e-07	1.32e-06	1.6015999999999998e-06
*24/*38	2e-12	2e-12	2e-12	2e-12	2e-12	2e-12	2e-12	2e-12	2e-12
*24/*39	2e-12	2e-12	2e-12	2e-12	2e-12	2e-12	2e-12	2e-12	2e-12
*24/*4	2e-12	2e-12	2e-12	2e-12	2e-12	2e-12	2e-12	2e-12	2e-12
*24/*40	2e-12	2e-12	2e-12	2e-12	2e-12	2e-12	2e-12	2e-12	2e-12
*24/*41	2e-12	2e-12	2e-12	2e-12	2e-10	2e-12	2e-12	2e-12	2e-12
*24/*42	2e-12	2e-12	2e-12	2e-12	2e-12	2e-12	2e-12	2e-12	2e-12
*24/*43	2e-12	2e-12	2e-12	2e-12	2e-12	2e-12	2e-12	2e-12	2e-12
*24/*44	2e-12	2e-12	2e-12	2e-12	2e-12	2e-12	2e-12	2e-12	2e-12
*24/*45	2e-12	2e-12	2e-12	2e-12	2e-12	2e-12	2e-12	2e-12	2e-12
*24/*46	2e-12	2e-12	2e-12	2e-12	2e-12	2e-12	2e-12	2e-12	2e-12
*24/*47	2e-12	2e-12	2e-12	2e-12	2e-12	2e-12	2e-12	2e-12	2e-12
*24/*48	2e-12	2e-12	2e-12	2e-12	2e-12	2e-12	2e-12	2e-12	2e-12
*24/*49	2e-12	2e-12	2e-12	2e-12	2e-12	2e-12	2e-12	2e-12	2e-12
*24/*5	2e-12	2e-12	9e-09	2e-09	4.08e-08	2e-12	1e-07	2e-12	2e-12
*24/*6	2e-12	2e-12	2e-12	2e-12	2e-12	2e-12	2e-12	2e-12	2e-12
*24/*7	2e-12	2e-12	2e-12	2e-12	2e-12	2e-12	2e-12	2e-12	2e-12
*24/*8	2e-12	2e-12	2e-12	2e-12	2e-12	2e-12	2e-12	2e-12	2e-12
*24/*9	2e-12	2e-12	2e-12	2e-12	2e-12	2e-12	2e-12	2e-12	2e-12
*25/*25	1e-12	1e-12	1e-12	1e-12	1e-12	1e-12	1e-12	1e-12	1e-12
*25/*26	2e-12	2e-12	5.999999999999999e-10	2e-12	4e-10	2e-12	2e-12	2e-12	2e-12
*25/*27	2e-12	2e-12	2e-12	2e-12	2e-12	2e-12	2e-12	2e-12	2e-12
*25/*28	2e-12	2e-12	2e-12	2e-12	2e-12	2e-12	2e-12	2e-12	2e-12
*25/*29	2e-12	2e-12	2e-12	2e-12	2e-12	2e-12	2e-12	2e-12	2e-12
*25/*3	2e-12	2e-12	2e-12	2e-12	2e-12	2e-12	2e-12	2e-12	2e-12
*25/*30	2e-12	2e-12	2e-12	2e-12	2e-12	2e-12	2e-12	2e-12	2e-12
*25/*31	2e-12	2e-12	2e-12	2e-12	2e-12	2e-12	2e-12	2e-12	2e-12
*25/*32	2e-12	2e-12	2e-12	2e-12	2e-12	2e-12	2e-12	2e-12	2e-12
*25/*33	2e-12	2e-12	2e-12	2e-12	2e-12	2e-12	2e-12	2e-12	2e-12
*25/*34	2e-12	2e-12	2e-12	2e-12	2e-12	2e-12	2e-12	2e-12	2e-12
*25/*36	2e-12	2e-12	2e-12	2e-12	2e-12	2e-12	2e-12	2e-12	2e-12
*25/*37	1.5199999999999998e-06	7.799999999999999e-07	9.203999999999999e-07	1.2294e-06	5.054e-07	2e-12	6.2e-07	1.32e-06	1.6015999999999998e-06
*25/*38	2e-12	2e-12	2e-12	2e-12	2e-12	2e-12	2e-12	2e-12	2e-12
*25/*39	2e-12	2e-12	2e-12	2e-12	2e-12	2e-12	2e-12	2e-12	2e-12
*25/*4	2e-12	2e-12	2e-12	2e-12	2e-12	2e-12	2e-12	2e-12	2e-12
*25/*40	2e-12	2e-12	2e-12	2e-12	2e-12	2e-12	2e-12	2e-12	2e-12
*25/*41	2e-12	2e-12	2e-12	2e-12	2e-10	2e-12	2e-12	2e-12	2e-12
*25/*42	2e-12	2e-12	2e-12	2e-12	2e-12	2e-12	2e-12	2e-12	2e-12
*25/*43	2e-12	2e-12	2e-12	2e-12	2e-12	2e-12	2e-12	2e-12	2e-12
*25/*44	2e-12	2e-12	2e-12	2e-12	2e-12	2e-12	2e-12	2e-12	2e-12
*25/*45	2e-12	2e-12	2e-12	2e-12	2e-12	2e-12	2e-12	2e-12	2e-12
*25/*46	2e-12	2e-12	2e-12	2e-12	2e-12	2e-12	2e-12	2e-12	2e-12
*25/*47	2e-12	2e-12	2e-12	2e-12	2e-12	2e-12	2e-12	2e-12	2e-12
*25/*48	2e-12	2e-12	2e-12	2e-12	2e-12	2e-12	2e-12	2e-12	2e-12
*25/*49	2e-12	2e-12	2e-12	2e-12	2e-12	2e-12	2e-12	2e-12	2e-12
*25/*5	2e-12	2e-12	9e-09	2e-09	4.08e-08	2e-12	1e-07	2e-12	2e-12
*25/*6	2e-12	2e-12	2e-12	2e-12	2e-12	2e-12	2e-12	2e-12	2e-12
*25/*7	2e-12	2e-12	2e-12	2e-12	2e-12	2e-12	2e-12	2e-12	2e-12
*25/*8	2e-12	2e-12	2e-12	2e-12	2e-12	2e-12	2e-12	2e-12	2e-12
*25/*9	2e-12	2e-12	2e-12	2e-12	2e-12	2e-12	2e-12	2e-12	2e-12
*26/*26	1e-12	1e-12	8.999999999999999e-08	1e-12	4e-08	1e-12	1e-12	1e-12	1e-12
*26/*27	2e-12	2e-12	5.999999999999999e-10	2e-12	4e-10	2e-12	2e-12	2e-12	2e-12
*26/*28	2e-12	2e-12	5.999999999999999e-10	2e-12	4e-10	2e-12	2e-12	2e-12	2e-12
*26/*29	2e-12	2e-12	5.999999999999999e-10	2e-12	4e-10	2e-12	2e-12	2e-12	2e-12
*26/*3	2e-12	2e-12	5.999999999999999e-10	2e-12	4e-10	2e-12	2e-12	2e-12	2e-12
*26/*30	2e-12	2e-12	5.999999999999999e-10	2e-12	4e-10	2e-12	2e-12	2e-12	2e-12
*26/*31	2e-12	2e-12	5.999999999999999e-10	2e-12	4e-10	2e-12	2e-12	2e-12	2e-12
*26/*32	2e-12	2e-12	5.999999999999999e-10	2e-12	4e-10	2e-12	2e-12	2e-12	2e-12
*26/*33	2e-12	2e-12	5.999999999999999e-10	2e-12	4e-10	2e-12	2e-12	2e-12	2e-12
*26/*34	2e-12	2e-12	5.999999999999999e-10	2e-12	4e-10	2e-12	2e-12	2e-12	2e-12
*26/*36	2e-12	2e-12	5.999999999999999e-10	2e-12	4e-10	2e-12	2e-12	2e-12	2e-12
*26/*37	1.5199999999999998e-06	7.799999999999999e-07	0.00027612	1.2294e-06	0.00010108	2e-12	6.2e-07	1.32e-06	1.6015999999999998e-06
*26/*38	2e-12	2e-12	5.999999999999999e-10	2e-12	4e-10	2e-12	2e-12	2e-12	2e-12
*26/*39	2e-12	2e-12	5.999999999999999e-10	2e-12	4e-10	2e-12	2e-12	2e-12	2e-12
*26/*4	2e-12	2e-12	5.999999999999999e-10	2e-12	4e-10	2e-12	2e-12	2e-12	2e-12
*26/*40	2e-12	2e-12	5.999999999999999e-10	2e-12	4e-10	2e-12	2e-12	2e-12	2e-12
*26/*41	2e-12	2e-12	5.999999999999999e-10	2e-12	4e-08	2e-12	2e-12	2e-12	2e-12
*26/*42	2e-12	2e-12	5.999999999999999e-10	2e-12	4e-10	2e-12	2e-12	2e-12	2e-12
*26/*43	2e-12	2e-12	5.999999999999999e-10	2e-12	4e-10	2e-12	2e-12	2e-12	2e-12
*26/*44	2e-12	2e-12	5.999999999999999e-10	2e-12	4e-10	2e-12	2e-12	2e-12	2e-12
*26/*45	2e-12	2e-12	5.999999999999999e-10	2e-12	4e-10	2e-12	2e-12	2e-12	2e-12
*26/*46	2e-12	2e-12	5.999999999999999e-10	2e-12	4e-10	2e-12	2e-12	2e-12	2e-12
*26/*47	2e-12	2e-12	5.999999999999999e-10	2e-12	4e-10	2e-12	2e-12	2e-12	2e-12
*26/*48	2e-12	2e-12	5.999999999999999e-10	2e-12	4e-10	2e-12	2e-12	2e-12	2e-12
*26/*49	2e-12	2e-12	5.999999999999999e-10	2e-12	4e-10	2e-12	2e-12	2e-12	2e-12
*26/*5	2e-12	2e-12	2.6999999999999996e-06	2e-09	8.160000000000001e-06	2e-12	1e-07	2e-12	2e-12
*26/*6	2e-12	2e-12	5.999999999999999e-10	2e-12	4e-10	2e-12	2e-12	2e-12	2e-12
*26/*7	2e-12	2e-12	5.999999999999999e-10	2e-12	4e-10	2e-12	2e-12	2e-12	2e-12
*26/*8	2e-12	2e-12	5.999999999999999e-10	2e-12	4e-10	2e-12	2e-12	2e-12	2e-12
*26/*9	2e-12	2e-12	5.999999999999999e-10	2e-12	4e-10	2e-12	2e-12	2e-12	2e-12
*27/*27	1e-12	1e-12	1e-12	1e-12	1e-12	1e-12	1e-12	1e-12	1e-12
*27/*28	2e-12	2e-12	2e-12	2e-12	2e-12	2e-12	2e-12	2e-12	2e-12
*27/*29	2e-12	2e-12	2e-12	2e-12	2e-12	2e-12	2e-12	2e-12	2e-12
*27/*3	2e-12	2e-12	2e-12	2e-12	2e-12	2e-12	2e-12	2e-12	2e-12
*27/*30	2e-12	2e-12	2e-12	2e-12	2e-12	2e-12	2e-12	2e-12	2e-12
*27/*31	2e-12	2e-12	2e-12	2e-12	2e-12	2e-12	2e-12	2e-12	2e-12
*27/*32	2e-12	2e-12	2e-12	2e-12	2e-12	2e-12	2e-12	2e-12	2e-12
*27/*33	2e-12	2e-12	2e-12	2e-12	2e-12	2e-12	2e-12	2e-12	2e-12
*27/*34	2e-12	2e-12	2e-12	2e-12	2e-12	2e-12	2e-12	2e-12	2e-12
*27/*36	2e-12	2e-12	2e-12	2e-12	2e-12	2e-12	2e-12	2e-12	2e-12
*27/*37	1.5199999999999998e-06	7.799999999999999e-07	9.203999999999999e-07	1.2294e-06	5.054e-07	2e-12	6.2e-07	1.32e-06	1.6015999999999998e-06
*27/*38	2e-12	2e-12	2e-12	2e-12	2e-12	2e-12	2e-12	2e-12	2e-12
*27/*39	2e-12	2e-12	2e-12	2e-12	2e-12	2e-12	2e-12	2e-12	2e-12
*27/*4	2e-12	2e-12	2e-12	2e-12	2e-12	2e-12	2e-12	2e-12	2e-12
*27/*40	2e-12	2e-12	2e-12	2e-12	2e-12	2e-12	2e-12	2e-12	2e-12
*27/*41	2e-12	2e-12	2e-12	2e-12	2e-10	2e-12	2e-12	2e-12	2e-12
*27/*42	2e-12	2e-12	2e-12	2e-12	2e-12	2e-12	2e-12	2e-12	2e-12
*27/*43	2e-12	2e-12	2e-12	2e-12	2e-12	2e-12	2e-12	2e-12	2e-12
*27/*44	2e-12	2e-12	2e-12	2e-12	2e-12	2e-12	2e-12	2e-12	2e-12
*27/*45	2e-12	2e-12	2e-12	2e-12	2e-12	2e-12	2e-12	2e-12	2e-12
*27/*46	2e-12	2e-12	2e-12	2e-12	2e-12	2e-12	2e-12	2e-12	2e-12
*27/*47	2e-12	2e-12	2e-12	2e-12	2e-12	2e-12	2e-12	2e-12	2e-12
*27/*48	2e-12	2e-12	2e-12	2e-12	2e-12	2e-12	2e-12	2e-12	2e-12
*27/*49	2e-12	2e-12	2e-12	2e-12	2e-12	2e-12	2e-12	2e-12	2e-12
*27/*5	2e-12	2e-12	9e-09	2e-09	4.08e-08	2e-12	1e-07	2e-12	2e-12
*27/*6	2e-12	2e-12	2e-12	2e-12	2e-12	2e-12	2e-12	2e-12	2e-12
*27/*7	2e-12	2e-12	2e-12	2e-12	2e-12	2e-12	2e-12	2e-12	2e-12
*27/*8	2e-12	2e-12	2e-12	2e-12	2e-12	2e-12	2e-12	2e-12	2e-12
*27/*9	2e-12	2e-12	2e-12	2e-12	2e-12	2e-12	2e-12	2e-12	2e-12
*28/*28	1e-12	1e-12	1e-12	1e-12	1e-12	1e-12	1e-12	1e-12	1e-12
*28/*29	2e-12	2e-12	2e-12	2e-12	2e-12	2e-12	2e-12	2e-12	2e-12
*28/*3	2e-12	2e-12	2e-12	2e-12	2e-12	2e-12	2e-12	2e-12	2e-12
*28/*30	2e-12	2e-12	2e-12	2e-12	2e-12	2e-12	2e-12	2e-12	2e-12
*28/*31	2e-12	2e-12	2e-12	2e-12	2e-12	2e-12	2e-12	2e-12	2e-12
*28/*32	2e-12	2e-12	2e-12	2e-12	2e-12	2e-12	2e-12	2e-12	2e-12
*28/*33	2e-12	2e-12	2e-12	2e-12	2e-12	2e-12	2e-12	2e-12	2e-12
*28/*34	2e-12	2e-12	2e-12	2e-12	2e-12	2e-12	2e-12	2e-12	2e-12
*28/*36	2e-12	2e-12	2e-12	2e-12	2e-12	2e-12	2e-12	2e-12	2e-12
*28/*37	1.5199999999999998e-06	7.799999999999999e-07	9.203999999999999e-07	1.2294e-06	5.054e-07	2e-12	6.2e-07	1.32e-06	1.6015999999999998e-06
*28/*38	2e-12	2e-12	2e-12	2e-12	2e-12	2e-12	2e-12	2e-12	2e-12
*28/*39	2e-12	2e-12	2e-12	2e-12	2e-12	2e-12	2e-12	2e-12	2e-12
*28/*4	2e-12	2e-12	2e-12	2e-12	2e-12	2e-12	2e-12	2e-12	2e-12
*28/*40	2e-12	2e-12	2e-12	2e-12	2e-12	2e-12	2e-12	2e-12	2e-12
*28/*41	2e-12	2e-12	2e-12	2e-12	2e-10	2e-12	2e-12	2e-12	2e-12
*28/*42	2e-12	2e-12	2e-12	2e-12	2e-12	2e-12	2e-12	2e-12	2e-12
*28/*43	2e-12	2e-12	2e-12	2e-12	2e-12	2e-12	2e-12	2e-12	2e-12
*28/*44	2e-12	2e-12	2e-12	2e-12	2e-12	2e-12	2e-12	2e-12	2e-12
*28/*45	2e-12	2e-12	2e-12	2e-12	2e-12	2e-12	2e-12	2e-12	2e-12
*28/*46	2e-12	2e-12	2e-12	2e-12	2e-12	2e-12	2e-12	2e-12	2e-12
*28/*47	2e-12	2e-12	2e-12	2e-12	2e-12	2e-12	2e-12	2e-12	2e-12
*28/*48	2e-12	2e-12	2e-12	2e-12	2e-12	2e-12	2e-12	2e-12	2e-12
*28/*49	2e-12	2e-12	2e-12	2e-12	2e-12	2e-12	2e-12	2e-12	2e-12
*28/*5	2e-12	2e-12	9e-09	2e-09	4.08e-08	2e-12	1e-07	2e-12	2e-12
*28/*6	2e-12	2e-12	2e-12	2e-12	2e-12	2e-12	2e-12	2e-12	2e-12
*28/*7	2e-12	2e-12	2e-12	2e-12	2e-12	2e-12	2e-12	2e-12	2e-12
*28/*8	2e-12	2e-12	2e-12	2e-12	2e-12	2e-12	2e-12	2e-12	2e-12
*28/*9	2e-12	2e-12	2e-12	2e-12	2e-12	2e-12	2e-12	2e-12	2e-12
*29/*29	1e-12	1e-12	1e-12	1e-12	1e-12	1e-12	1e-12	1e-12	1e-12
*29/*3	2e-12	2e-12	2e-12	2e-12	2e-12	2e-12	2e-12	2e-12	2e-12
*29/*30	2e-12	2e-12	2e-12	2e-12	2e-12	2e-12	2e-12	2e-12	2e-12
*29/*31	2e-12	2e-12	2e-12	2e-12	2e-12	2e-12	2e-12	2e-12	2e-12
*29/*32	2e-12	2e-12	2e-12	2e-12	2e-12	2e-12	2e-12	2e-12	2e-12
*29/*33	2e-12	2e-12	2e-12	2e-12	2e-12	2e-12	2e-12	2e-12	2e-12
*29/*34	2e-12	2e-12	2e-12	2e-12	2e-12	2e-12	2e-12	2e-12	2e-12
*29/*36	2e-12	2e-12	2e-12	2e-12	2e-12	2e-12	2e-12	2e-12	2e-12
*29/*37	1.5199999999999998e-06	7.799999999999999e-07	9.203999999999999e-07	1.2294e-06	5.054e-07	2e-12	6.2e-07	1.32e-06	1.6015999999999998e-06
*29/*38	2e-12	2e-12	2e-12	2e-12	2e-12	2e-12	2e-12	2e-12	2e-12
*29/*39	2e-12	2e-12	2e-12	2e-12	2e-12	2e-12	2e-12	2e-12	2e-12
*29/*4	2e-12	2e-12	2e-12	2e-12	2e-12	2e-12	2e-12	2e-12	2e-12
*29/*40	2e-12	2e-12	2e-12	2e-12	2e-12	2e-12	2e-12	2e-12	2e-12
*29/*41	2e-12	2e-12	2e-12	2e-12	2e-10	2e-12	2e-12	2e-12	2e-12
*29/*42	2e-12	2e-12	2e-12	2e-12	2e-12	2e-12	2e-12	2e-12	2e-12
*29/*43	2e-12	2e-12	2e-12	2e-12	2e-12	2e-12	2e-12	2e-12	2e-12
*29/*44	2e-12	2e-12	2e-12	2e-12	2e-12	2e-12	2e-12	2e-12	2e-12
*29/*45	2e-12	2e-12	2e-12	2e-12	2e-12	2e-12	2e-12	2e-12	2e-12
*29/*46	2e-12	2e-12	2e-12	2e-12	2e-12	2e-12	2e-12	2e-12	2e-12
*29/*47	2e-12	2e-12	2e-12	2e-12	2e-12	2e-12	2e-12	2e-12	2e-12
*29/*48	2e-12	2e-12	2e-12	2e-12	2e-12	2e-12	2e-12	2e-12	2e-12
*29/*49	2e-12	2e-12	2e-12	2e-12	2e-12	2e-12	2e-12	2e-12	2e-12
*29/*5	2e-12	2e-12	9e-09	2e-09	4.08e-08	2e-12	1e-07	2e-12	2e-12
*29/*6	2e-12	2e-12	2e-12	2e-12	2e-12	2e-12	2e-12	2e-12	2e-12
*29/*7	2e-12	2e-12	2e-12	2e-12	2e-12	2e-12	2e-12	2e-12	2e-12
*29/*8	2e-12	2e-12	2e-12	2e-12	2e-12	2e-12	2e-12	2e-12	2e-12
*29/*9	2e-12	2e-12	2e-12	2e-12	2e-12	2e-12	2e-12	2e-12	2e-12
*3/*3	1e-12	1e-12	1e-12	1e-12	1e-12	1e-12	1e-12	1e-12	1e-12
*3/*30	2e-12	2e-12	2e-12	2e-12	2e-12	2e-12	2e-12	2e-12	2e-12
*3/*31	2e-12	2e-12	2e-12	2e-12	2e-12	2e-12	2e-12	2e-12	2e-12
*3/*32	2e-12	2e-12	2e-12	2e-12	2e-12	2e-12	2e-12	2e-12	2e-12
*3/*33	2e-12	2e-12	2e-12	2e-12	2e-12	2e-12	2e-12	2e-12	2e-12
*3/*34	2e-12	2e-12	2e-12	2e-12	2e-12	2e-12	2e-12	2e-12	2e-12
*3/*36	2e-12	2e-12	2e-12	2e-12	2e-12	2e-12	2e-12	2e-12	2e-12
*3/*37	1.5199999999999998e-06	7.799999999999999e-07	9.203999999999999e-07	1.2294e-06	5.054e-07	2e-12	6.2e-07	1.32e-06	1.6015999999999998e-06
*3/*38	2e-12	2e-12	2e-12	2e-12	2e-12	2e-12	2e-12	2e-12	2e-12
*3/*39	2e-12	2e-12	2e-12	2e-12	2e-12	2e-12	2e-12	2e-12	2e-12
*3/*4	2e-12	2e-12	2e-12	2e-12	2e-12	2e-12	2e-12	2e-12	2e-12
*3/*40	2e-12	2e-12	2e-12	2e-12	2e-12	2e-12	2e-12	2e-12	2e-12
*3/*41	2e-12	2e-12	2e-12	2e-12	2e-10	2e-12	2e-12	2e-12	2e-12
*3/*42	2e-12	2e-12	2e-12	2e-12	2e-12	2e-12	2e-12	2e-12	2e-12
*3/*43	2e-12	2e-12	2e-12	2e-12	2e-12	2e-12	2e-12	2e-12	2e-12
*3/*44	2e-12	2e-12	2e-12	2e-12	2e-12	2e-12	2e-12	2e-12	2e-12
*3/*45	2e-12	2e-12	2e-12	2e-12	2e-12	2e-12	2e-12	2e-12	2e-12
*3/*46	2e-12	2e-12	2e-12	2e-12	2e-12	2e-12	2e-12	2e-12	2e-12
*3/*47	2e-12	2e-12	2e-12	2e-12	2e-12	2e-12	2e-12	2e-12	2e-12
*3/*48	2e-12	2e-12	2e-12	2e-12	2e-12	2e-12	2e-12	2e-12	2e-12
*3/*49	2e-12	2e-12	2e-12	2e-12	2e-12	2e-12	2e-12	2e-12	2e-12
*3/*5	2e-12	2e-12	9e-09	2e-09	4.08e-08	2e-12	1e-07	2e-12	2e-12
*3/*6	2e-12	2e-12	2e-12	2e-12	2e-12	2e-12	2e-12	2e-12	2e-12
*3/*7	2e-12	2e-12	2e-12	2e-12	2e-12	2e-12	2e-12	2e-12	2e-12
*3/*8	2e-12	2e-12	2e-12	2e-12	2e-12	2e-12	2e-12	2e-12	2e-12
*3/*9	2e-12	2e-12	2e-12	2e-12	2e-12	2e-12	2e-12	2e-12	2e-12
*30/*30	1e-12	1e-12	1e-12	1e-12	1e-12	1e-12	1e-12	1e-12	1e-12
*30/*31	2e-12	2e-12	2e-12	2e-12	2e-12	2e-12	2e-12	2e-12	2e-12
*30/*32	2e-12	2e-12	2e-12	2e-12	2e-12	2e-12	2e-12	2e-12	2e-12
*30/*33	2e-12	2e-12	2e-12	2e-12	2e-12	2e-12	2e-12	2e-12	2e-12
*30/*34	2e-12	2e-12	2e-12	2e-12	2e-12	2e-12	2e-12	2e-12	2e-12
*30/*36	2e-12	2e-12	2e-12	2e-12	2e-12	2e-12	2e-12	2e-12	2e-12
*30/*37	1.5199999999999998e-06	7.799999999999999e-07	9.203999999999999e-07	1.2294e-06	5.054e-07	2e-12	6.2e-07	1.32e-06	1.6015999999999998e-06
*30/*38	2e-12	2e-12	2e-12	2e-12	2e-12	2e-12	2e-12	2e-12	2e-12
*30/*39	2e-12	2e-12	2e-12	2e-12	2e-12	2e-12	2e-12	2e-12	2e-12
*30/*4	2e-12	2e-12	2e-12	2e-12	2e-12	2e-12	2e-12	2e-12	2e-12
*30/*40	2e-12	2e-12	2e-12	2e-12	2e-12	2e-12	2e-12	2e-12	2e-12
*30/*41	2e-12	2e-12	2e-12	2e-12	2e-10	2e-12	2e-12	2e-12	2e-12
*30/*42	2e-12	2e-12	2e-12	2e-12	2e-12	2e-12	2e-12	2e-12	2e-12
*30/*43	2e-12	2e-12	2e-12	2e-12	2e-12	2e-12	2e-12	2e-12	2e-12
*30/*44	2e-12	2e-12	2e-12	2e-12	2e-12	2e-12	2e-12	2e-12	2e-12
*30/*45	2e-12	2e-12	2e-12	2e-12	2e-12	2e-12	2e-12	2e-12	2e-12
*30/*46	2e-12	2e-12	2e-12	2e-12	2e-12	2e-12	2e-12	2e-12	2e-12
*30/*47	2e-12	2e-12	2e-12	2e-12	2e-12	2e-12	2e-12	2e-12	2e-12
*30/*48	2e-12	2e-12	2e-12	2e-12	2e-12	2e-12	2e-12	2e-12	2e-12
*30/*49	2e-12	2e-12	2e-12	2e-12	2e-12	2e-12	2e-12	2e-12	2e-12
*30/*5	2e-12	2e-12	9e-09	2e-09	4.08e-08	2e-12	1e-07	2e-12	2e-12
*30/*6	2e-12	2e-12	2e-12	2e-12	2e-12	2e-12	2e-12	2e-12	2e-12
*30/*7	2e-12	2e-12	2e-12	2e-12	2e-12	2e-12	2e-12	2e-12	2e-12
*30/*8	2e-12	2e-12	2e-12	2e-12	2e-12	2e-12	2e-12	2e-12	2e-12
*30/*9	2e-12	2e-12	2e-12	2e-12	2e-12	2e-12	2e-12	2e-12	2e-12
*31/*31	1e-12	1e-12	1e-12	1e-12	1e-12	1e-12	1e-12	1e-12	1e-12
*31/*32	2e-12	2e-12	2e-12	2e-12	2e-12	2e-12	2e-12	2e-12	2e-12
*31/*33	2e-12	2e-12	2e-12	2e-12	2e-12	2e-12	2e-12	2e-12	2e-12
*31/*34	2e-12	2e-12	2e-12	2e-12	2e-12	2e-12	2e-12	2e-12	2e-12
*31/*36	2e-12	2e-12	2e-12	2e-12	2e-12	2e-12	2e-12	2e-12	2e-12
*31/*37	1.5199999999999998e-06	7.799999999999999e-07	9.203999999999999e-07	1.2294e-06	5.054e-07	2e-12	6.2e-07	1.32e-06	1.6015999999999998e-06
*31/*38	2e-12	2e-12	2e-12	2e-12	2e-12	2e-12	2e-12	2e-12	2e-12
*31/*39	2e-12	2e-12	2e-12	2e-12	2e-12	2e-12	2e-12	2e-12	2e-12
*31/*4	2e-12	2e-12	2e-12	2e-12	2e-12	2e-12	2e-12	2e-12	2e-12
*31/*40	2e-12	2e-12	2e-12	2e-12	2e-12	2e-12	2e-12	2e-12	2e-12
*31/*41	2e-12	2e-12	2e-12	2e-12	2e-10	2e-12	2e-12	2e-12	2e-12
*31/*42	2e-12	2e-12	2e-12	2e-12	2e-12	2e-12	2e-12	2e-12	2e-12
*31/*43	2e-12	2e-12	2e-12	2e-12	2e-12	2e-12	2e-12	2e-12	2e-12
*31/*44	2e-12	2e-12	2e-12	2e-12	2e-12	2e-12	2e-12	2e-12	2e-12
*31/*45	2e-12	2e-12	2e-12	2e-12	2e-12	2e-12	2e-12	2e-12	2e-12
*31/*46	2e-12	2e-12	2e-12	2e-12	2e-12	2e-12	2e-12	2e-12	2e-12
*31/*47	2e-12	2e-12	2e-12	2e-12	2e-12	2e-12	2e-12	2e-12	2e-12
*31/*48	2e-12	2e-12	2e-12	2e-12	2e-12	2e-12	2e-12	2e-12	2e-12
*31/*49	2e-12	2e-12	2e-12	2e-12	2e-12	2e-12	2e-12	2e-12	2e-12
*31/*5	2e-12	2e-12	9e-09	2e-09	4.08e-08	2e-12	1e-07	2e-12	2e-12
*31/*6	2e-12	2e-12	2e-12	2e-12	2e-12	2e-12	2e-12	2e-12	2e-12
*31/*7	2e-12	2e-12	2e-12	2e-12	2e-12	2e-12	2e-12	2e-12	2e-12
*31/*8	2e-12	2e-12	2e-12	2e-12	2e-12	2e-12	2e-12	2e-12	2e-12
*31/*9	2e-12	2e-12	2e-12	2e-12	2e-12	2e-12	2e-12	2e-12	2e-12
*32/*32	1e-12	1e-12	1e-12	1e-12	1e-12	1e-12	1e-12	1e-12	1e-12
*32/*33	2e-12	2e-12	2e-12	2e-12	2e-12	2e-12	2e-12	2e-12	2e-12
*32/*34	2e-12	2e-12	2e-12	2e-12	2e-12	2e-12	2e-12	2e-12	2e-12
*32/*36	2e-12	2e-12	2e-12	2e-12	2e-12	2e-12	2e-12	2e-12	2e-12
*32/*37	1.5199999999999998e-06	7.799999999999999e-07	9.203999999999999e-07	1.2294e-06	5.054e-07	2e-12	6.2e-07	1.32e-06	1.6015999999999998e-06
*32/*38	2e-12	2e-12	2e-12	2e-12	2e-12	2e-12	2e-12	2e-12	2e-12
*32/*39	2e-12	2e-12	2e-12	2e-12	2e-12	2e-12	2e-12	2e-12	2e-12
*32/*4	2e-12	2e-12	2e-12	2e-12	2e-12	2e-12	2e-12	2e-12	2e-12
*32/*40	2e-12	2e-12	2e-12	2e-12	2e-12	2e-12	2e-12	2e-12	2e-12
*32/*41	2e-12	2e-12	2e-12	2e-12	2e-10	2e-12	2e-12	2e-12	2e-12
*32/*42	2e-12	2e-12	2e-12	2e-12	2e-12	2e-12	2e-12	2e-12	2e-12
*32/*43	2e-12	2e-12	2e-12	2e-12	2e-12	2e-12	2e-12	2e-12	2e-12
*32/*44	2e-12	2e-12	2e-12	2e-12	2e-12	2e-12	2e-12	2e-12	2e-12
*32/*45	2e-12	2e-12	2e-12	2e-12	2e-12	2e-12	2e-12	2e-12	2e-12
*32/*46	2e-12	2e-12	2e-12	2e-12	2e-12	2e-12	2e-12	2e-12	2e-12
*32/*47	2e-12	2e-12	2e-12	2e-12	2e-12	2e-12	2e-12	2e-12	2e-12
*32/*48	2e-12	2e-12	2e-12	2e-12	2e-12	2e-12	2e-12	2e-12	2e-12
*32/*49	2e-12	2e-12	2e-12	2e-12	2e-12	2e-12	2e-12	2e-12	2e-12
*32/*5	2e-12	2e-12	9e-09	2e-09	4.08e-08	2e-12	1e-07	2e-12	2e-12
*32/*6	2e-12	2e-12	2e-12	2e-12	2e-12	2e-12	2e-12	2e-12	2e-12
*32/*7	2e-12	2e-12	2e-12	2e-12	2e-12	2e-12	2e-12	2e-12	2e-12
*32/*8	2e-12	2e-12	2e-12	2e-12	2e-12	2e-12	2e-12	2e-12	2e-12
*32/*9	2e-12	2e-12	2e-12	2e-12	2e-12	2e-12	2e-12	2e-12	2e-12
*33/*33	1e-12	1e-12	1e-12	1e-12	1e-12	1e-12	1e-12	1e-12	1e-12
*33/*34	2e-12	2e-12	2e-12	2e-12	2e-12	2e-12	2e-12	2e-12	2e-12
*33/*36	2e-12	2e-12	2e-12	2e-12	2e-12	2e-12	2e-12	2e-12	2e-12
*33/*37	1.5199999999999998e-06	7.799999999999999e-07	9.203999999999999e-07	1.2294e-06	5.054e-07	2e-12	6.2e-07	1.32e-06	1.6015999999999998e-06
*33/*38	2e-12	2e-12	2e-12	2e-12	2e-12	2e-12	2e-12	2e-12	2e-12
*33/*39	2e-12	2e-12	2e-12	2e-12	2e-12	2e-12	2e-12	2e-12	2e-12
*33/*4	2e-12	2e-12	2e-12	2e-12	2e-12	2e-12	2e-12	2e-12	2e-12
*33/*40	2e-12	2e-12	2e-12	2e-12	2e-12	2e-12	2e-12	2e-12	2e-12
*33/*41	2e-12	2e-12	2e-12	2e-12	2e-10	2e-12	2e-12	2e-12	2e-12
*33/*42	2e-12	2e-12	2e-12	2e-12	2e-12	2e-12	2e-12	2e-12	2e-12
*33/*43	2e-12	2e-12	2e-12	2e-12	2e-12	2e-12	2e-12	2e-12	2e-12
*33/*44	2e-12	2e-12	2e-12	2e-12	2e-12	2e-12	2e-12	2e-12	2e-12
*33/*45	2e-12	2e-12	2e-12	2e-12	2e-12	2e-12	2e-12	2e-12	2e-12
*33/*46	2e-12	2e-12	2e-12	2e-12	2e-12	2e-12	2e-12	2e-12	2e-12
*33/*47	2e-12	2e-12	2e-12	2e-12	2e-12	2e-12	2e-12	2e-12	2e-12
*33/*48	2e-12	2e-12	2e-12	2e-12	2e-12	2e-12	2e-12	2e-12	2e-12
*33/*49	2e-12	2e-12	2e-12	2e-12	2e-12	2e-12	2e-12	2e-12	2e-12
*33/*5	2e-12	2e-12	9e-09	2e-09	4.08e-08	2e-12	1e-07	2e-12	2e-12
*33/*6	2e-12	2e-12	2e-12	2e-12	2e-12	2e-12	2e-12	2e-12	2e-12
*33/*7	2e-12	2e-12	2e-12	2e-12	2e-12	2e-12	2e-12	2e-12	2e-12
*33/*8	2e-12	2e-12	2e-12	2e-12	2e-12	2e-12	2e-12	2e-12	2e-12
*33/*9	2e-12	2e-12	2e-12	2e-12	2e-12	2e-12	2e-12	2e-12	2e-12
*34/*34	1e-12	1e-12	1e-12	1e-12	1e-12	1e-12	1e-12	1e-12	1e-12
*34/*36	2e-12	2e-12	2e-12	2e-12	2e-12	2e-12	2e-12	2e-12	2e-12
*34/*37	1.5199999999999998e-06	7.799999999999999e-07	9.203999999999999e-07	1.2294e-06	5.054e-07	2e-12	6.2e-07	1.32e-06	1.6015999999999998e-06
*34/*38	2e-12	2e-12	2e-12	2e-12	2e-12	2e-12	2e-12	2e-12	2e-12
*34/*39	2e-12	2e-12	2e-12	2e-12	2e-12	2e-12	2e-12	2e-12	2e-12
*34/*4	2e-12	2e-12	2e-12	2e-12	2e-12	2e-12	2e-12	2e-12	2e-12
*34/*40	2e-12	2e-12	2e-12	2e-12	2e-12	2e-12	2e-12	2e-12	2e-12
*34/*41	2e-12	2e-12	2e-12	2e-12	2e-10	2e-12	2e-12	2e-12	2e-12
*34/*42	2e-12	2e-12	2e-12	2e-12	2e-12	2e-12	2e-12	2e-12	2e-12
*34/*43	2e-12	2e-12	2e-12	2e-12	2e-12	2e-12	2e-12	2e-12	2e-12
*34/*44	2e-12	2e-12	2e-12	2e-12	2e-12	2e-12	2e-12	2e-12	2e-12
*34/*45	2e-12	2e-12	2e-12	2e-12	2e-12	2e-12	2e-12	2e-12	2e-12
*34/*46	2e-12	2e-12	2e-12	2e-12	2e-12	2e-12	2e-12	2e-12	2e-12
*34/*47	2e-12	2e-12	2e-12	2e-12	2e-12	2e-12	2e-12	2e-12	2e-12
*34/*48	2e-12	2e-12	2e-12	2e-12	2e-12	2e-12	2e-12	2e-12	2e-12
*34/*49	2e-12	2e-12	2e-12	2e-12	2e-12	2e-12	2e-12	2e-12	2e-12
*34/*5	2e-12	2e-12	9e-09	2e-09	4.08e-08	2e-12	1e-07	2e-12	2e-12
*34/*6	2e-12	2e-12	2e-12	2e-12	2e-12	2e-12	2e-12	2e-12	2e-12
*34/*7	2e-12	2e-12	2e-12	2e-12	2e-12	2e-12	2e-12	2e-12	2e-12
*34/*8	2e-12	2e-12	2e-12	2e-12	2e-12	2e-12	2e-12	2e-12	2e-12
*34/*9	2e-12	2e-12	2e-12	2e-12	2e-12	2e-12	2e-12	2e-12	2e-12
*36/*36	1e-12	1e-12	1e-12	1e-12	1e-12	1e-12	1e-12	1e-12	1e-12
*36/*37	1.5199999999999998e-06	7.799999999999999e-07	9.203999999999999e-07	1.2294e-06	5.054e-07	2e-12	6.2e-07	1.32e-06	1.6015999999999998e-06
*36/*38	2e-12	2e-12	2e-12	2e-12	2e-12	2e-12	2e-12	2e-12	2e-12
*36/*39	2e-12	2e-12	2e-12	2e-12	2e-12	2e-12	2e-12	2e-12	2e-12
*36/*4	2e-12	2e-12	2e-12	2e-12	2e-12	2e-12	2e-12	2e-12	2e-12
*36/*40	2e-12	2e-12	2e-12	2e-12	2e-12	2e-12	2e-12	2e-12	2e-12
*36/*41	2e-12	2e-12	2e-12	2e-12	2e-10	2e-12	2e-12	2e-12	2e-12
*36/*42	2e-12	2e-12	2e-12	2e-12	2e-12	2e-12	2e-12	2e-12	2e-12
*36/*43	2e-12	2e-12	2e-12	2e-12	2e-12	2e-12	2e-12	2e-12	2e-12
*36/*44	2e-12	2e-12	2e-12	2e-12	2e-12	2e-12	2e-12	2e-12	2e-12
*36/*45	2e-12	2e-12	2e-12	2e-12	2e-12	2e-12	2e-12	2e-12	2e-12
*36/*46	2e-12	2e-12	2e-12	2e-12	2e-12	2e-12	2e-12	2e-12	2e-12
*36/*47	2e-12	2e-12	2e-12	2e-12	2e-12	2e-12	2e-12	2e-12	2e-12
*36/*48	2e-12	2e-12	2e-12	2e-12	2e-12	2e-12	2e-12	2e-12	2e-12
*36/*49	2e-12	2e-12	2e-12	2e-12	2e-12	2e-12	2e-12	2e-12	2e-12
*36/*5	2e-12	2e-12	9e-09	2e-09	4.08e-08	2e-12	1e-07	2e-12	2e-12
*36/*6	2e-12	2e-12	2e-12	2e-12	2e-12	2e-12	2e-12	2e-12	2e-12
*36/*7	2e-12	2e-12	2e-12	2e-12	2e-12	2e-12	2e-12	2e-12	2e-12
*36/*8	2e-12	2e-12	2e-12	2e-12	2e-12	2e-12	2e-12	2e-12	2e-12
*36/*9	2e-12	2e-12	2e-12	2e-12	2e-12	2e-12	2e-12	2e-12	2e-12
*37/*37	0.5776	0.1521	0.21178404	0.37785609000000003	0.06385728999999998	1e-12	0.0961	0.43560000000000004	0.64128064
*37/*38	1.5199999999999998e-06	7.799999999999999e-07	9.203999999999999e-07	1.2294e-06	5.054e-07	2e-12	6.2e-07	1.32e-06	1.6015999999999998e-06
*37/*39	1.5199999999999998e-06	7.799999999999999e-07	9.203999999999999e-07	1.2294e-06	5.054e-07	2e-12	6.2e-07	1.32e-06	1.6015999999999998e-06
*37/*4	1.5199999999999998e-06	7.799999999999999e-07	9.203999999999999e-07	1.2294e-06	5.054e-07	2e-12	6.2e-07	1.32e-06	1.6015999999999998e-06
*37/*40	1.5199999999999998e-06	7.799999999999999e-07	9.203999999999999e-07	1.2294e-06	5.054e-07	2e-12	6.2e-07	1.32e-06	1.6015999999999998e-06
*37/*41	1.5199999999999998e-06	7.799999999999999e-07	9.203999999999999e-07	1.2294e-06	5.054e-05	2e-12	6.2e-07	1.32e-06	1.6015999999999998e-06
*37/*42	1.5199999999999998e-06	7.799999999999999e-07	9.203999999999999e-07	1.2294e-06	5.054e-07	2e-12	6.2e-07	1.32e-06	1.6015999999999998e-06
*37/*43	1.5199999999999998e-06	7.799999999999999e-07	9.203999999999999e-07	1.2294e-06	5.054e-07	2e-12	6.2e-07	1.32e-06	1.6015999999999998e-06
*37/*44	1.5199999999999998e-06	7.799999999999999e-07	9.203999999999999e-07	1.2294e-06	5.054e-07	2e-12	6.2e-07	1.32e-06	1.6015999999999998e-06
*37/*45	1.5199999999999998e-06	7.799999999999999e-07	9.203999999999999e-07	1.2294e-06	5.054e-07	2e-12	6.2e-07	1.32e-06	1.6015999999999998e-06
*37/*46	1.5199999999999998e-06	7.799999999999999e-07	9.203999999999999e-07	1.2294e-06	5.054e-07	2e-12	6.2e-07	1.32e-06	1.6015999999999998e-06
*37/*47	1.5199999999999998e-06	7.799999999999999e-07	9.203999999999999e-07	1.2294e-06	5.054e-07	2e-12	6.2e-07	1.32e-06	1.6015999999999998e-06
*37/*48	1.5199999999999998e-06	7.799999999999999e-07	9.203999999999999e-07	1.2294e-06	5.054e-07	2e-12	6.2e-07	1.32e-06	1.6015999999999998e-06
*37/*49	1.5199999999999998e-06	7.799999999999999e-07	9.203999999999999e-07	1.2294e-06	5.054e-07	2e-12	6.2e-07	1.32e-06	1.6015999999999998e-06
*37/*5	1.5199999999999998e-06	7.799999999999999e-07	0.004141799999999999	0.0012294	0.01031016	2e-12	0.031	1.32e-06	1.6015999999999998e-06
*37/*6	1.5199999999999998e-06	7.799999999999999e-07	9.203999999999999e-07	1.2294e-06	5.054e-07	2e-12	6.2e-07	1.32e-06	1.6015999999999998e-06
*37/*7	1.5199999999999998e-06	7.799999999999999e-07	9.203999999999999e-07	1.2294e-06	5.054e-07	2e-12	6.2e-07	1.32e-06	1.6015999999999998e-06
*37/*8	1.5199999999999998e-06	7.799999999999999e-07	9.203999999999999e-07	1.2294e-06	5.054e-07	2e-12	6.2e-07	1.32e-06	1.6015999999999998e-06
*37/*9	1.5199999999999998e-06	7.799999999999999e-07	9.203999999999999e-07	1.2294e-06	5.054e-07	2e-12	6.2e-07	1.32e-06	1.6015999999999998e-06
*38/*38	1e-12	1e-12	1e-12	1e-12	1e-12	1e-12	1e-12	1e-12	1e-12
*38/*39	2e-12	2e-12	2e-12	2e-12	2e-12	2e-12	2e-12	2e-12	2e-12
*38/*4	2e-12	2e-12	2e-12	2e-12	2e-12	2e-12	2e-12	2e-12	2e-12
*38/*40	2e-12	2e-12	2e-12	2e-12	2e-12	2e-12	2e-12	2e-12	2e-12
*38/*41	2e-12	2e-12	2e-12	2e-12	2e-10	2e-12	2e-12	2e-12	2e-12
*38/*42	2e-12	2e-12	2e-12	2e-12	2e-12	2e-12	2e-12	2e-12	2e-12
*38/*43	2e-12	2e-12	2e-12	2e-12	2e-12	2e-12	2e-12	2e-12	2e-12
*38/*44	2e-12	2e-12	2e-12	2e-12	2e-12	2e-12	2e-12	2e-12	2e-12
*38/*45	2e-12	2e-12	2e-12	2e-12	2e-12	2e-12	2e-12	2e-12	2e-12
*38/*46	2e-12	2e-12	2e-12	2e-12	2e-12	2e-12	2e-12	2e-12	2e-12
*38/*47	2e-12	2e-12	2e-12	2e-12	2e-12	2e-12	2e-12	2e-12	2e-12
*38/*48	2e-12	2e-12	2e-12	2e-12	2e-12	2e-12	2e-12	2e-12	2e-12
*38/*49	2e-12	2e-12	2e-12	2e-12	2e-12	2e-12	2e-12	2e-12	2e-12
*38/*5	2e-12	2e-12	9e-09	2e-09	4.08e-08	2e-12	1e-07	2e-12	2e-12
*38/*6	2e-12	2e-12	2e-12	2e-12	2e-12	2e-12	2e-12	2e-12	2e-12
*38/*7	2e-12	2e-12	2e-12	2e-12	2e-12	2e-12	2e-12	2e-12	2e-12
*38/*8	2e-12	2e-12	2e-12	2e-12	2e-12	2e-12	2e-12	2e-12	2e-12
*38/*9	2e-12	2e-12	2e-12	2e-12	2e-12	2e-12	2e-12	2e-12	2e-12
*39/*39	1e-12	1e-12	1e-12	1e-12	1e-12	1e-12	1e-12	1e-12	1e-12
*39/*4	2e-12	2e-12	2e-12	2e-12	2e-12	2e-12	2e-12	2e-12	2e-12
*39/*40	2e-12	2e-12	2e-12	2e-12	2e-12	2e-12	2e-12	2e-12	2e-12
*39/*41	2e-12	2e-12	2e-12	2e-12	2e-10	2e-12	2e-12	2e-12	2e-12
*39/*42	2e-12	2e-12	2e-12	2e-12	2e-12	2e-12	2e-12	2e-12	2e-12
*39/*43	2e-12	2e-12	2e-12	2e-12	2e-12	2e-12	2e-12	2e-12	2e-12
*39/*44	2e-12	2e-12	2e-12	2e-12	2e-12	2e-12	2e-12	2e-12	2e-12
*39/*45	2e-12	2e-12	2e-12	2e-12	2e-12	2e-12	2e-12	2e-12	2e-12
*39/*46	2e-12	2e-12	2e-12	2e-12	2e-12	2e-12	2e-12	2e-12	2e-12
*39/*47	2e-12	2e-12	2e-12	2e-12	2e-12	2e-12	2e-12	2e-12	2e-12
*39/*48	2e-12	2e-12	2e-12	2e-12	2e-12	2e-12	2e-12	2e-12	2e-12
*39/*49	2e-12	2e-12	2e-12	2e-12	2e-12	2e-12	2e-12	2e-12	2e-12
*39/*5	2e-12	2e-12	9e-09	2e-09	4.08e-08	2e-12	1e-07	2e-12	2e-12
*39/*6	2e-12	2e-12	2e-12	2e-12	2e-12	2e-12	2e-12	2e-12	2e-12
*39/*7	2e-12	2e-12	2e-12	2e-12	2e-12	2e-12	2e-12	2e-12	2e-12
*39/*8	2e-12	2e-12	2e-12	2e-12	2e-12	2e-12	2e-12	2e-12	2e-12
*39/*9	2e-12	2e-12	2e-12	2e-12	2e-12	2e-12	2e-12	2e-12	2e-12
*4/*4	1e-12	1e-12	1e-12	1e-12	1e-12	1e-12	1e-12	1e-12	1e-12
*4/*40	2e-12	2e-12	2e-12	2e-12	2e-12	2e-12	2e-12	2e-12	2e-12
*4/*41	2e-12	2e-12	2e-12	2e-12	2e-10	2e-12	2e-12	2e-12	2e-12
*4/*42	2e-12	2e-12	2e-12	2e-12	2e-12	2e-12	2e-12	2e-12	2e-12
*4/*43	2e-12	2e-12	2e-12	2e-12	2e-12	2e-12	2e-12	2e-12	2e-12
*4/*44	2e-12	2e-12	2e-12	2e-12	2e-12	2e-12	2e-12	2e-12	2e-12
*4/*45	2e-12	2e-12	2e-12	2e-12	2e-12	2e-12	2e-12	2e-12	2e-12
*4/*46	2e-12	2e-12	2e-12	2e-12	2e-12	2e-12	2e-12	2e-12	2e-12
*4/*47	2e-12	2e-12	2e-12	2e-12	2e-12	2e-12	2e-12	2e-12	2e-12
*4/*48	2e-12	2e-12	2e-12	2e-12	2e-12	2e-12	2e-12	2e-12	2e-12
*4/*49	2e-12	2e-12	2e-12	2e-12	2e-12	2e-12	2e-12	2e-12	2e-12
*4/*5	2e-12	2e-12	9e-09	2e-09	4.08e-08	2e-12	1e-07	2e-12	2e-12
*4/*6	2e-12	2e-12	2e-12	2e-12	2e-12	2e-12	2e-12	2e-12	2e-12
*4/*7	2e-12	2e-12	2e-12	2e-12	2e-12	2e-12	2e-12	2e-12	2e-12
*4/*8	2e-12	2e-12	2e-12	2e-12	2e-12	2e-12	2e-12	2e-12	2e-12
*4/*9	2e-12	2e-12	2e-12	2e-12	2e-12	2e-12	2e-12	2e-12	2e-12
*40/*40	1e-12	1e-12	1e-12	1e-12	1e-12	1e-12	1e-12	1e-12	1e-12
*40/*41	2e-12	2e-12	2e-12	2e-12	2e-10	2e-12	2e-12	2e-12	2e-12
*40/*42	2e-12	2e-12	2e-12	2e-12	2e-12	2e-12	2e-12	2e-12	2e-12
*40/*43	2e-12	2e-12	2e-12	2e-12	2e-12	2e-12	2e-12	2e-12	2e-12
*40/*44	2e-12	2e-12	2e-12	2e-12	2e-12	2e-12	2e-12	2e-12	2e-12
*40/*45	2e-12	2e-12	2e-12	2e-12	2e-12	2e-12	2e-12	2e-12	2e-12
*40/*46	2e-12	2e-12	2e-12	2e-12	2e-12	2e-12	2e-12	2e-12	2e-12
*40/*47	2e-12	2e-12	2e-12	2e-12	2e-12	2e-12	2e-12	2e-12	2e-12
*40/*48	2e-12	2e-12	2e-12	2e-12	2e-12	2e-12	2e-12	2e-12	2e-12
*40/*49	2e-12	2e-12	2e-12	2e-12	2e-12	2e-12	2e-12	2e-12	2e-12
*40/*5	2e-12	2e-12	9e-09	2e-09	4.08e-08	2e-12	1e-07	2e-12	2e-12
*40/*6	2e-12	2e-12	2e-12	2e-12	2e-12	2e-12	2e-12	2e-12	2e-12
*40/*7	2e-12	2e-12	2e-12	2e-12	2e-12	2e-12	2e-12	2e-12	2e-12
*40/*8	2e-12	2e-12	2e-12	2e-12	2e-12	2e-12	2e-12	2e-12	2e-12
*40/*9	2e-12	2e-12	2e-12	2e-12	2e-12	2e-12	2e-12	2e-12	2e-12
*41/*41	1e-12	1e-12	1e-12	1e-12	1e-08	1e-12	1e-12	1e-12	1e-12
*41/*42	2e-12	2e-12	2e-12	2e-12	2e-10	2e-12	2e-12	2e-12	2e-12
*41/*43	2e-12	2e-12	2e-12	2e-12	2e-10	2e-12	2e-12	2e-12	2e-12
*41/*44	2e-12	2e-12	2e-12	2e-12	2e-10	2e-12	2e-12	2e-12	2e-12
*41/*45	2e-12	2e-12	2e-12	2e-12	2e-10	2e-12	2e-12	2e-12	2e-12
*41/*46	2e-12	2e-12	2e-12	2e-12	2e-10	2e-12	2e-12	2e-12	2e-12
*41/*47	2e-12	2e-12	2e-12	2e-12	2e-10	2e-12	2e-12	2e-12	2e-12
*41/*48	2e-12	2e-12	2e-12	2e-12	2e-10	2e-12	2e-12	2e-12	2e-12
*41/*49	2e-12	2e-12	2e-12	2e-12	2e-10	2e-12	2e-12	2e-12	2e-12
*41/*5	2e-12	2e-12	9e-09	2e-09	4.080000000000001e-06	2e-12	1e-07	2e-12	2e-12
*41/*6	2e-12	2e-12	2e-12	2e-12	2e-10	2e-12	2e-12	2e-12	2e-12
*41/*7	2e-12	2e-12	2e-12	2e-12	2e-10	2e-12	2e-12	2e-12	2e-12
*41/*8	2e-12	2e-12	2e-12	2e-12	2e-10	2e-12	2e-12	2e-12	2e-12
*41/*9	2e-12	2e-12	2e-12	2e-12	2e-10	2e-12	2e-12	2e-12	2e-12
*42/*42	1e-12	1e-12	1e-12	1e-12	1e-12	1e-12	1e-12	1e-12	1e-12
*42/*43	2e-12	2e-12	2e-12	2e-12	2e-12	2e-12	2e-12	2e-12	2e-12
*42/*44	2e-12	2e-12	2e-12	2e-12	2e-12	2e-12	2e-12	2e-12	2e-12
*42/*45	2e-12	2e-12	2e-12	2e-12	2e-12	2e-12	2e-12	2e-12	2e-12
*42/*46	2e-12	2e-12	2e-12	2e-12	2e-12	2e-12	2e-12	2e-12	2e-12
*42/*47	2e-12	2e-12	2e-12	2e-12	2e-12	2e-12	2e-12	2e-12	2e-12
*42/*48	2e-12	2e-12	2e-12	2e-12	2e-12	2e-12	2e-12	2e-12	2e-12
*42/*49	2e-12	2e-12	2e-12	2e-12	2e-12	2e-12	2e-12	2e-12	2e-12
*42/*5	2e-12	2e-12	9e-09	2e-09	4.08e-08	2e-12	1e-07	2e-12	2e-12
*42/*6	2e-12	2e-12	2e-12	2e-12	2e-12	2e-12	2e-12	2e-12	2e-12
*42/*7	2e-12	2e-12	2e-12	2e-12	2e-12	2e-12	2e-12	2e-12	2e-12
*42/*8	2e-12	2e-12	2e-12	2e-12	2e-12	2e-12	2e-12	2e-12	2e-12
*42/*9	2e-12	2e-12	2e-12	2e-12	2e-12	2e-12	2e-12	2e-12	2e-12
*43/*43	1e-12	1e-12	1e-12	1e-12	1e-12	1e-12	1e-12	1e-12	1e-12
*43/*44	2e-12	2e-12	2e-12	2e-12	2e-12	2e-12	2e-12	2e-12	2e-12
*43/*45	2e-12	2e-12	2e-12	2e-12	2e-12	2e-12	2e-12	2e-12	2e-12
*43/*46	2e-12	2e-12	2e-12	2e-12	2e-12	2e-12	2e-12	2e-12	2e-12
*43/*47	2e-12	2e-12	2e-12	2e-12	2e-12	2e-12	2e-12	2e-12	2e-12
*43/*48	2e-12	2e-12	2e-12	2e-12	2e-12	2e-12	2e-12	2e-12	2e-12
*43/*49	2e-12	2e-12	2e-12	2e-12	2e-12	2e-12	2e-12	2e-12	2e-12
*43/*5	2e-12	2e-12	9e-09	2e-09	4.08e-08	2e-12	1e-07	2e-12	2e-12
*43/*6	2e-12	2e-12	2e-12	2e-12	2e-12	2e-12	2e-12	2e-12	2e-12
*43/*7	2e-12	2e-12	2e-12	2e-12	2e-12	2e-12	2e-12	2e-12	2e-12
*43/*8	2e-12	2e-12	2e-12	2e-12	2e-12	2e-12	2e-12	2e-12	2e-12
*43/*9	2e-12	2e-12	2e-12	2e-12	2e-12	2e-12	2e-12	2e-12	2e-12
*44/*44	1e-12	1e-12	1e-12	1e-12	1e-12	1e-12	1e-12	1e-12	1e-12
*44/*45	2e-12	2e-12	2e-12	2e-12	2e-12	2e-12	2e-12	2e-12	2e-12
*44/*46	2e-12	2e-12	2e-12	2e-12	2e-12	2e-12	2e-12	2e-12	2e-12
*44/*47	2e-12	2e-12	2e-12	2e-12	2e-12	2e-12	2e-12	2e-12	2e-12
*44/*48	2e-12	2e-12	2e-12	2e-12	2e-12	2e-12	2e-12	2e-12	2e-12
*44/*49	2e-12	2e-12	2e-12	2e-12	2e-12	2e-12	2e-12	2e-12	2e-12
*44/*5	2e-12	2e-12	9e-09	2e-09	4.08e-08	2e-12	1e-07	2e-12	2e-12
*44/*6	2e-12	2e-12	2e-12	2e-12	2e-12	2e-12	2e-12	2e-12	2e-12
*44/*7	2e-12	2e-12	2e-12	2e-12	2e-12	2e-12	2e-12	2e-12	2e-12
*44/*8	2e-12	2e-12	2e-12	2e-12	2e-12	2e-12	2e-12	2e-12	2e-12
*44/*9	2e-12	2e-12	2e-12	2e-12	2e-12	2e-12	2e-12	2e-12	2e-12
*45/*45	1e-12	1e-12	1e-12	1e-12	1e-12	1e-12	1e-12	1e-12	1e-12
*45/*46	2e-12	2e-12	2e-12	2e-12	2e-12	2e-12	2e-12	2e-12	2e-12
*45/*47	2e-12	2e-12	2e-12	2e-12	2e-12	2e-12	2e-12	2e-12	2e-12
*45/*48	2e-12	2e-12	2e-12	2e-12	2e-12	2e-12	2e-12	2e-12	2e-12
*45/*49	2e-12	2e-12	2e-12	2e-12	2e-12	2e-12	2e-12	2e-12	2e-12
*45/*5	2e-12	2e-12	9e-09	2e-09	4.08e-08	2e-12	1e-07	2e-12	2e-12
*45/*6	2e-12	2e-12	2e-12	2e-12	2e-12	2e-12	2e-12	2e-12	2e-12
*45/*7	2e-12	2e-12	2e-12	2e-12	2e-12	2e-12	2e-12	2e-12	2e-12
*45/*8	2e-12	2e-12	2e-12	2e-12	2e-12	2e-12	2e-12	2e-12	2e-12
*45/*9	2e-12	2e-12	2e-12	2e-12	2e-12	2e-12	2e-12	2e-12	2e-12
*46/*46	1e-12	1e-12	1e-12	1e-12	1e-12	1e-12	1e-12	1e-12	1e-12
*46/*47	2e-12	2e-12	2e-12	2e-12	2e-12	2e-12	2e-12	2e-12	2e-12
*46/*48	2e-12	2e-12	2e-12	2e-12	2e-12	2e-12	2e-12	2e-12	2e-12
*46/*49	2e-12	2e-12	2e-12	2e-12	2e-12	2e-12	2e-12	2e-12	2e-12
*46/*5	2e-12	2e-12	9e-09	2e-09	4.08e-08	2e-12	1e-07	2e-12	2e-12
*46/*6	2e-12	2e-12	2e-12	2e-12	2e-12	2e-12	2e-12	2e-12	2e-12
*46/*7	2e-12	2e-12	2e-12	2e-12	2e-12	2e-12	2e-12	2e-12	2e-12
*46/*8	2e-12	2e-12	2e-12	2e-12	2e-12	2e-12	2e-12	2e-12	2e-12
*46/*9	2e-12	2e-12	2e-12	2e-12	2e-12	2e-12	2e-12	2e-12	2e-12
*47/*47	1e-12	1e-12	1e-12	1e-12	1e-12	1e-12	1e-12	1e-12	1e-12
*47/*48	2e-12	2e-12	2e-12	2e-12	2e-12	2e-12	2e-12	2e-12	2e-12
*47/*49	2e-12	2e-12	2e-12	2e-12	2e-12	2e-12	2e-12	2e-12	2e-12
*47/*5	2e-12	2e-12	9e-09	2e-09	4.08e-08	2e-12	1e-07	2e-12	2e-12
*47/*6	2e-12	2e-12	2e-12	2e-12	2e-12	2e-12	2e-12	2e-12	2e-12
*47/*7	2e-12	2e-12	2e-12	2e-12	2e-12	2e-12	2e-12	2e-12	2e-12
*47/*8	2e-12	2e-12	2e-12	2e-12	2e-12	2e-12	2e-12	2e-12	2e-12
*47/*9	2e-12	2e-12	2e-12	2e-12	2e-12	2e-12	2e-12	2e-12	2e-12
*48/*48	1e-12	1e-12	1e-12	1e-12	1e-12	1e-12	1e-12	1e-12	1e-12
*48/*49	2e-12	2e-12	2e-12	2e-12	2e-12	2e-12	2e-12	2e-12	2e-12
*48/*5	2e-12	2e-12	9e-09	2e-09	4.08e-08	2e-12	1e-07	2e-12	2e-12
*48/*6	2e-12	2e-12	2e-12	2e-12	2e-12	2e-12	2e-12	2e-12	2e-12
*48/*7	2e-12	2e-12	2e-12	2e-12	2e-12	2e-12	2e-12	2e-12	2e-12
*48/*8	2e-12	2e-12	2e-12	2e-12	2e-12	2e-12	2e-12	2e-12	2e-12
*48/*9	2e-12	2e-12	2e-12	2e-12	2e-12	2e-12	2e-12	2e-12	2e-12
*49/*49	1e-12	1e-12	1e-12	1e-12	1e-12	1e-12	1e-12	1e-12	1e-12
*49/*5	2e-12	2e-12	9e-09	2e-09	4.08e-08	2e-12	1e-07	2e-12	2e-12
*49/*6	2e-12	2e-12	2e-12	2e-12	2e-12	2e-12	2e-12	2e-12	2e-12
*49/*7	2e-12	2e-12	2e-12	2e-12	2e-12	2e-12	2e-12	2e-12	2e-12
*49/*8	2e-12	2e-12	2e-12	2e-12	2e-12	2e-12	2e-12	2e-12	2e-12
*49/*9	2e-12	2e-12	2e-12	2e-12	2e-12	2e-12	2e-12	2e-12	2e-12
*5/*5	1e-12	1e-12	2.0249999999999998e-05	1e-06	0.00041616000000000005	1e-12	0.0025000000000000005	1e-12	1e-12
*5/*6	2e-12	2e-12	9e-09	2e-09	4.08e-08	2e-12	1e-07	2e-12	2e-12
*5/*7	2e-12	2e-12	9e-09	2e-09	4.08e-08	2e-12	1e-07	2e-12	2e-12
*5/*8	2e-12	2e-12	9e-09	2e-09	4.08e-08	2e-12	1e-07	2e-12	2e-12
*5/*9	2e-12	2e-12	9e-09	2e-09	4.08e-08	2e-12	1e-07	2e-12	2e-12
*6/*6	1e-12	1e-12	1e-12	1e-12	1e-12	1e-12	1e-12	1e-12	1e-12
*6/*7	2e-12	2e-12	2e-12	2e-12	2e-12	2e-12	2e-12	2e-12	2e-12
*6/*8	2e-12	2e-12	2e-12	2e-12	2e-12	2e-12	2e-12	2e-12	2e-12
*6/*9	2e-12	2e-12	2e-12	2e-12	2e-12	2e-12	2e-12	2e-12	2e-12
*7/*7	1e-12	1e-12	1e-12	1e-12	1e-12	1e-12	1e-12	1e-12	1e-12
*7/*8	2e-12	2e-12	2e-12	2e-12	2e-12	2e-12	2e-12	2e-12	2e-12
*7/*9	2e-12	2e-12	2e-12	2e-12	2e-12	2e-12	2e-12	2e-12	2e-12
*8/*8	1e-12	1e-12	1e-12	1e-12	1e-12	1e-12	1e-12	1e-12	1e-12
*8/*9	2e-12	2e-12	2e-12	2e-12	2e-12	2e-12	2e-12	2e-12	2e-12
*9/*9	1e-12	1e-12	1e-12	1e-12	1e-12	1e-12	1e-12	1e-12	1e-12
